{"matrix": [[0, 57064, 18234, 121339, 111355, 327212, 305115, 37309, 83413, 167242, 107791, 163681, 112587, 45857, 81865, 53178, 115580, 37233, 42964, 78897, 51781, 20405, 66837, 112140, 163855, 98802, 35695, 167110, 97361, 39467, 59404, 16010, 71844, 32974, 94753, 7218, 236259, 391018, 316442, 248093, 284411, 278668, 219535, 155494, 408506, 325116, 211317, 149206, 411666, 325321, 217804, 135125, 37513, 81428, 13948, 70111, 198610, 274163, 205343, 140196, 271347, 238513, 46821, 77828, 45618, 86474, 169591, 140471, 174407, 135491, 197158, 22820, 76269, 33037, 80873, 90623, 41661, 83655, 41049, 160231, 155939, 10367, 112944, 121480, 40513, 80807, 57975, 77827, 122751, 120829], [57064, 0, 38829, 178403, 168419, 270148, 248051, 94373, 140478, 110178, 50727, 106617, 55522, 11206, 138929, 110243, 172644, 94297, 100028, 135961, 108845, 77469, 123901, 169204, 106791, 41738, 21368, 110046, 40297, 17596, 2340, 41053, 14780, 24089, 37689, 49845, 179195, 333953, 259378, 191029, 227346, 221604, 162471, 98430, 351442, 268052, 154252, 92142, 354602, 268257, 160740, 78061, 94577, 138492, 71012, 127175, 141546, 217099, 148279, 83132, 214283, 181448, 103886, 134892, 102682, 143538, 112527, 83407, 117342, 78426, 140094, 79884, 133333, 90101, 137937, 33559, 15402, 26591, 16014, 217296, 213003, 67431, 170008, 178544, 97577, 137871, 115040, 134891, 179815, 177894], [18234, 38829, 0, 139574, 129589, 308977, 286880, 55544, 101648, 149007, 89556, 145446, 94352, 27623, 100099, 71413, 133815, 55468, 61199, 97132, 70016, 38640, 85071, 130374, 145620, 80567, 17460, 148875, 79126, 21232, 41169, 2223, 53609, 14739, 76518, 11016, 218024, 372783, 298208, 229858, 266176, 260434, 201300, 137260, 390271, 306881, 193082, 130972, 393432, 307087, 199569, 116890, 55748, 99662, 32183, 88346, 180375, 255928, 187108, 121961, 253113, 220278, 65056, 96063, 63853, 104708, 151356, 122236, 156172, 117256, 178923, 41055, 94504, 51271, 99108, 72389, 23426, 65420, 22814, 178466, 174174, 28602, 131178, 139715, 58748, 99042, 76210, 96062, 140986, 139064], [121339, 178403, 139574, 0, 9984, 448551, 426454, 84030, 37925, 288581, 229130, 285020, 233926, 167197, 39474, 68160, 5758, 84105, 78374, 42441, 69557, 100933, 54502, 9199, 285194, 220141, 157035, 288449, 218700, 160806, 180744, 137350, 193183, 154314, 216092, 128558, 357598, 512357, 437782, 369432, 405750, 400008, 340874, 276834, 529846, 446455, 332656, 270546, 533006, 446661, 339143, 256464, 83825, 39911, 107390, 51227, 319950, 395502, 326682, 261536, 392687, 359852, 74517, 43510, 75720, 34865, 290930, 261810, 295746, 256830, 318497, 98518, 45069, 88302, 40466, 211963, 163000, 204994, 162389, 38892, 34600, 110971, 8395, 141, 80825, 40531, 63363, 43511, 1412, 509], [111355, 168419, 129589, 9984, 0, 438567, 416470, 74045, 27941, 278597, 219146, 275036, 223942, 157212, 29490, 58176, 4225, 74121, 68390, 32457, 59573, 90949, 44518, 785, 275210, 210157, 147050, 278465, 208716, 150822, 170759, 127366, 183199, 144329, 206108, 118573, 347614, 502373, 427798, 359448, 395766, 390023, 330890, 266850, 519861, 436471, 322672, 260561, 523022, 436676, 329159, 246480, 73841, 29927, 97406, 41243, 309965, 385518, 316698, 251551, 382702, 349868, 64533, 33526, 65736, 24880, 280946, 251826, 285762, 246846, 308513, 88534, 35085, 78317, 30481, 201978, 153016, 195010, 152404, 48876, 44584, 100987, 1588, 10125, 70841, 30547, 53379, 33527, 11396, 9474], [327212, 270148, 308977, 448551, 438567, 0, 22096, 364521, 410626, 159969, 219420, 163531, 214625, 281354, 409077, 380391, 442792, 364445, 370176, 406109, 378993, 347617, 394049, 439352, 163356, 228409, 291516, 160101, 229851, 287744, 267807, 311201, 255368, 294237, 232458, 319993, 90953, 63805, 10769, 79118, 42801, 48543, 107676, 171717, 81294, 2096, 115895, 178005, 84454, 1890, 109408, 192087, 364726, 408640, 341160, 397323, 128601, 53048, 121868, 187015, 55864, 88699, 374034, 405040, 372831, 413686, 157621, 186740, 152805, 191721, 130053, 350032, 403481, 360249, 408085, 236588, 285550, 243556, 286162, 487444, 483151, 337580, 440156, 448692, 367726, 408019, 385188, 405039, 449963, 448042], [305115, 248051, 286880, 426454, 416470, 22096, 0, 342424, 388529, 137872, 197324, 141434, 192528, 259257, 386980, 358294, 420695, 342349, 348080, 384012, 356896, 325520, 371952, 417255, 141259, 206313, 269419, 138005, 207754, 265648, 245710, 289104, 233271, 272140, 210361, 297896, 68856, 85902, 11327, 57021, 20704, 26446, 85580, 149620, 103391, 20000, 93798, 155908, 106551, 20206, 87311, 169990, 342629, 386543, 319063, 375227, 106504, 30952, 99771, 164918, 33767, 66602, 351937, 382944, 350734, 391589, 135524, 164644, 130708, 169624, 107956, 327936, 381385, 338152, 385988, 214491, 263454, 221460, 264065, 465347, 461055, 315483, 418059, 426596, 345629, 385923, 363091, 382943, 427866, 425945], [37309, 94373, 55544, 84030, 74045, 364521, 342424, 0, 46104, 204551, 145100, 200990, 149896, 83167, 44555, 15869, 78271, 75, 5655, 41588, 14472, 16903, 29527, 74830, 201164, 136111, 73005, 204419, 134670, 76776, 96714, 53320, 109153, 70284, 132062, 44528, 273568, 428327, 353752, 285402, 321720, 315978, 256844, 192804, 445816, 362425, 248626, 186516, 448976, 362631, 255113, 172434, 204, 44118, 23360, 32802, 235920, 311472, 242652, 177506, 308657, 275822, 9512, 40519, 8309, 49164, 206900, 177780, 211716, 172800, 234467, 14488, 38960, 4272, 43563, 127933, 78970, 120964, 78359, 122922, 118630, 26941, 75634, 84171, 3204, 43498, 20666, 40518, 85442, 83520], [83413, 140478, 101648, 37925, 27941, 410626, 388529, 46104, 0, 250656, 191205, 247095, 196001, 129271, 1548, 30235, 32166, 46180, 40449, 4516, 31632, 63008, 16576, 28726, 247269, 182216, 119109, 250524, 180775, 122881, 142818, 99424, 155258, 116388, 178167, 90632, 319673, 474432, 399856, 331507, 367825, 362082, 302949, 238908, 491920, 408530, 294731, 232620, 495080, 408735, 301218, 218539, 45900, 1985, 69465, 13302, 282024, 357577, 288757, 223610, 354761, 321927, 36592, 5585, 37795, 3060, 253005, 223885, 257821, 218905, 280572, 60593, 7144, 50376, 2540, 174037, 125075, 167069, 124463, 76817, 72525, 73046, 29530, 38066, 42900, 2606, 25438, 5586, 39337, 37415], [167242, 110178, 149007, 288581, 278597, 159969, 137872, 204551, 250656, 0, 59451, 3561, 54655, 121384, 249107, 220421, 282823, 204476, 210207, 246139, 219023, 187648, 234079, 279382, 3386, 68440, 131546, 132, 69881, 127775, 107837, 151231, 95398, 134267, 72489, 160023, 69016, 223775, 149200, 80850, 117168, 111426, 52292, 11747, 241264, 157873, 44074, 18035, 244424, 158079, 50561, 32117, 204756, 248670, 181191, 237354, 31368, 106920, 38100, 27045, 104105, 71270, 214064, 245071, 212861, 253716, 2348, 26771, 7164, 31751, 29915, 190063, 243512, 200279, 248115, 76618, 125581, 83587, 126192, 327474, 323182, 177610, 280186, 288723, 207756, 248050, 225218, 245070, 289994, 288072], [107791, 50727, 89556, 229130, 219146, 219420, 197324, 145100, 191205, 59451, 0, 55889, 4795, 61933, 189656, 160970, 223371, 145024, 150755, 186688, 159572, 128196, 174628, 219931, 56064, 8988, 72095, 59319, 10430, 68323, 48386, 91780, 35947, 74816, 13037, 100572, 128467, 283226, 208651, 140302, 176619, 170877, 111744, 47703, 300715, 217324, 103525, 41415, 303875, 217530, 110012, 27333, 145305, 189219, 121739, 177902, 90819, 166372, 97552, 32405, 163556, 130721, 154613, 185619, 153410, 194265, 61799, 32680, 66615, 27699, 89367, 130611, 184060, 140828, 188664, 17167, 66129, 24135, 66741, 268023, 263731, 118159, 220735, 229271, 148305, 188598, 165767, 185618, 230542, 228621], [163681, 106617, 145446, 285020, 275036, 163531, 141434, 200990, 247095, 3561, 55889, 0, 51094, 117823, 245546, 216860, 279261, 200914, 206645, 242578, 215462, 184086, 230518, 275821, 174, 64878, 127985, 3429, 66319, 124213, 104276, 147670, 91837, 130706, 68927, 156462, 72578, 227336, 152761, 84412, 120729, 114987, 55854, 8186, 244825, 161435, 47635, 14474, 247985, 161640, 54123, 28555, 201194, 245109, 177629, 233792, 34929, 110482, 41662, 23484, 107666, 74831, 210503, 241509, 209299, 250155, 5910, 23209, 10725, 28190, 33477, 186501, 239950, 196718, 244554, 73057, 122019, 80025, 122631, 323913, 319620, 174048, 276625, 285161, 204195, 244488, 221657, 241508, 286432, 284511], [112587, 55522, 94352, 233926, 223942, 214625, 192528, 149896, 196001, 54655, 4795, 51094, 0, 66729, 194452, 165766, 228167, 149820, 155551, 191484, 164368, 132992, 179424, 224727, 51268, 13784, 76891, 54523, 15225, 73119, 53182, 96576, 40742, 79612, 17833, 105368, 123672, 278430, 203855, 135506, 171823, 166081, 106948, 42907, 295919, 212529, 98729, 36619, 299079, 212734, 105217, 22538, 150100, 194015, 126535, 182698, 86023, 161576, 92756, 27609, 158760, 125926, 159409, 190415, 158205, 199061, 57004, 27884, 61819, 22903, 84571, 135407, 188856, 145624, 193460, 21963, 70925, 28931, 71537, 272818, 268526, 122954, 225531, 234067, 153100, 193394, 170563, 190414, 235338, 233417], [45857, 11206, 27623, 167197, 157212, 281354, 259257, 83167, 129271, 121384, 61933, 117823, 66729, 0, 127722, 99036, 161438, 83091, 88822, 124755, 97639, 66263, 112694, 157997, 117997, 52944, 10162, 121252, 51503, 6390, 13546, 29846, 25986, 12883, 48895, 38639, 190401, 345160, 270585, 202235, 238553, 232811, 173677, 109637, 362648, 279258, 165459, 103349, 365809, 279463, 171946, 89267, 83371, 127285, 59806, 115969, 152752, 228305, 159485, 94338, 225489, 192655, 92679, 123686, 91476, 132331, 123733, 94613, 128549, 89633, 151300, 68678, 122127, 78895, 126731, 44765, 4196, 37797, 4808, 206089, 201797, 56225, 158801, 167338, 86371, 126665, 103833, 123685, 168609, 166687], [81865, 138929, 100099, 39474, 29490, 409077, 386980, 44555, 1548, 249107, 189656, 245546, 194452, 127722, 0, 28686, 33715, 44631, 38900, 2967, 30083, 61459, 15027, 30275, 245720, 180667, 117560, 248975, 179226, 121332, 141269, 97875, 153709, 114839, 176618, 89083, 318124, 472883, 398308, 329958, 366276, 360533, 301400, 237360, 490371, 406981, 293182, 231071, 493532, 407186, 299669, 216990, 44351, 436, 67916, 11753, 280475, 356028, 287208, 222061, 353212, 320378, 35043, 4036, 36246, 4609, 251456, 222336, 256272, 217356, 279023, 59044, 5595, 48827, 991, 172488, 123526, 165520, 122914, 78366, 74074, 71497, 31078, 39615, 41351, 1057, 23889, 4037, 40886, 38964], [53178, 110243, 71413, 68160, 58176, 380391, 358294, 15869, 30235, 220421, 160970, 216860, 165766, 99036, 28686, 0, 62401, 15945, 10214, 25718, 1397, 32773, 13658, 58961, 217034, 151981, 88874, 220289, 150540, 92646, 112583, 69189, 125023, 86153, 147932, 60397, 289438, 444197, 369621, 301272, 337590, 331847, 272714, 208673, 461685, 378295, 264496, 202385, 464845, 378500, 270983, 188304, 15665, 28249, 39230, 16932, 251789, 327342, 258522, 193375, 324526, 291692, 6357, 24649, 7560, 33295, 222770, 193650, 227585, 188669, 250337, 30358, 23090, 20141, 27694, 143802, 94840, 136834, 94228, 107052, 102760, 42811, 59765, 68301, 12665, 27628, 4796, 24648, 69572, 67650], [115580, 172644, 133815, 5758, 4225, 442792, 420695, 78271, 32166, 282823, 223371, 279261, 228167, 161438, 33715, 62401, 0, 78346, 72615, 36683, 63799, 95175, 48743, 3440, 279436, 214382, 151276, 282690, 212941, 155047, 174985, 131591, 187424, 148555, 210334, 122799, 351839, 506598, 432023, 363674, 399991, 394249, 335115, 271075, 524087, 440696, 326897, 264787, 527247, 440902, 333384, 250705, 78066, 34152, 101632, 45468, 314191, 389743, 320924, 255777, 386928, 354093, 68758, 37751, 69961, 29106, 285171, 256051, 289987, 251071, 312739, 92759, 39310, 82543, 34707, 206204, 157241, 199235, 156630, 44651, 40359, 105212, 2636, 5900, 75066, 34772, 57604, 37752, 7170, 5249], [37233, 94297, 55468, 84105, 74121, 364445, 342349, 75, 46180, 204476, 145024, 200914, 149820, 83091, 44631, 15945, 78346, 0, 5730, 41663, 14547, 16828, 29603, 74906, 201089, 136035, 72929, 204344, 134594, 76701, 96638, 53244, 109077, 70208, 131987, 44452, 273492, 428251, 353676, 285327, 321644, 315902, 256769, 192728, 445740, 362349, 248550, 186440, 448900, 362555, 255037, 172358, 280, 44194, 23285, 32878, 235844, 311396, 242577, 177430, 308581, 275746, 9588, 40595, 8385, 49240, 206824, 177705, 211640, 172724, 234392, 14413, 39036, 4196, 43639, 127857, 78895, 120888, 78283, 122998, 118706, 26865, 75710, 84246, 3280, 43573, 20742, 40593, 85517, 83596], [42964, 100028, 61199, 78374, 68390, 370176, 348080, 5655, 40449, 210207, 150755, 206645, 155551, 88822, 38900, 10214, 72615, 5730, 0, 35932, 8816, 22559, 23872, 69175, 206820, 141766, 78660, 210075, 140325, 82432, 102369, 58975, 114808, 75939, 137718, 50183, 279223, 433982, 359407, 291058, 327375, 321633, 262500, 198459, 451471, 368080, 254281, 192171, 454631, 368286, 260768, 178089, 5450, 38463, 29016, 27147, 241575, 317127, 248308, 183161, 314312, 281477, 3857, 34864, 2654, 43509, 212555, 183436, 217371, 178455, 240123, 20144, 33305, 9927, 37908, 133588, 84626, 126619, 84014, 117267, 112975, 32596, 69979, 78515, 2450, 37842, 15011, 34862, 79786, 77865], [78897, 135961, 97132, 42441, 32457, 406109, 384012, 41588, 4516, 246139, 186688, 242578, 191484, 124755, 2967, 25718, 36683, 41663, 35932, 0, 27115, 58491, 12060, 33242, 242752, 177699, 114593, 246007, 176258, 118364, 138302, 94908, 150741, 111872, 173650, 86116, 315156, 469915, 395340, 326990, 363308, 357566, 298432, 234392, 487404, 404013, 290214, 228104, 490564, 404219, 296701, 214022, 41383, 2530, 64948, 8785, 277508, 353060, 284240, 219094, 350245, 317410, 32075, 1068, 33278, 7576, 248488, 219368, 253304, 214388, 276055, 56076, 2627, 45860, 1975, 169521, 120558, 162552, 119947, 81334, 77042, 68529, 34046, 42583, 38383, 1910, 20921, 1069, 43854, 41932], [51781, 108845, 70016, 69557, 59573, 378993, 356896, 14472, 31632, 219023, 159572, 215462, 164368, 97639, 30083, 1397, 63799, 14547, 8816, 27115, 0, 31375, 15055, 60358, 215636, 150583, 87477, 218891, 149142, 91248, 111186, 67792, 123625, 84756, 146534, 59000, 288040, 442799, 368224, 299874, 336192, 330450, 271316, 207276, 460288, 376897, 263098, 200988, 463448, 377103, 269585, 186906, 14267, 29646, 37832, 18330, 250392, 325944, 257124, 191978, 323129, 290294, 4959, 26047, 6162, 34692, 221372, 192252, 226188, 187272, 248939, 28960, 24488, 18744, 29091, 142405, 93442, 135436, 92831, 108450, 104158, 41413, 61162, 69699, 11267, 29026, 6194, 26046, 70970, 69048], [20405, 77469, 38640, 100933, 90949, 347617, 325520, 16903, 63008, 187648, 128196, 184086, 132992, 66263, 61459, 32773, 95175, 16828, 22559, 58491, 31375, 0, 46431, 91734, 184261, 119207, 56101, 187515, 117766, 59872, 79810, 36416, 92249, 53380, 115159, 27624, 256664, 411423, 336848, 268499, 304816, 299074, 239940, 175900, 428912, 345521, 231722, 169612, 432072, 345727, 238209, 155530, 17108, 61022, 6457, 49706, 219016, 294568, 225749, 160602, 291753, 258918, 26416, 57423, 25213, 66068, 189996, 160876, 194812, 155896, 217563, 2415, 55864, 12631, 60467, 111029, 62066, 104060, 61455, 139826, 135534, 10037, 92538, 101075, 20108, 60402, 37570, 57422, 102346, 100424], [66837, 123901, 85071, 54502, 44518, 394049, 371952, 29527, 16576, 234079, 174628, 230518, 179424, 112694, 15027, 13658, 48743, 29603, 23872, 12060, 15055, 46431, 0, 45303, 230692, 165639, 102532, 233947, 164198, 106304, 126241, 82848, 138681, 99811, 161590, 74055, 303096, 457855, 383280, 314930, 351248, 345505, 286372, 222332, 475343, 391953, 278154, 216043, 478504, 392158, 284641, 201962, 29323, 14590, 52888, 3274, 265447, 341000, 272180, 207033, 338184, 305350, 20015, 10991, 21218, 19637, 236428, 207308, 241244, 202328, 263995, 44016, 9432, 33799, 14036, 157460, 108498, 150492, 107886, 93394, 89102, 56469, 46106, 54643, 26323, 13970, 8861, 10990, 55914, 53992], [112140, 169204, 130374, 9199, 785, 439352, 417255, 74830, 28726, 279382, 219931, 275821, 224727, 157997, 30275, 58961, 3440, 74906, 69175, 33242, 60358, 91734, 45303, 0, 275995, 210942, 147835, 279250, 209501, 151607, 171544, 128151, 183984, 145114, 206893, 119358, 348399, 503158, 428583, 360233, 396551, 390809, 331675, 267635, 520646, 437256, 323457, 261346, 523807, 437461, 329944, 247265, 74626, 30712, 98191, 42028, 310750, 386303, 317483, 252336, 383487, 350653, 65318, 34311, 66521, 25666, 281731, 252611, 286547, 247631, 309298, 89319, 35870, 79102, 31266, 202763, 153801, 195795, 153189, 48091, 43799, 101772, 803, 9340, 71626, 31332, 54164, 34312, 10611, 8689], [163855, 106791, 145620, 285194, 275210, 163356, 141259, 201164, 247269, 3386, 56064, 174, 51268, 117997, 245720, 217034, 279436, 201089, 206820, 242752, 215636, 184261, 230692, 275995, 0, 65053, 128159, 3254, 66494, 124388, 104450, 147844, 92011, 130880, 69102, 156636, 72403, 227162, 152587, 84237, 120555, 114813, 55679, 8360, 244651, 161260, 47461, 14648, 247811, 161466, 53948, 28730, 201369, 245283, 177804, 233967, 34755, 110307, 41487, 23658, 107492, 74657, 210677, 241684, 209474, 250329, 5735, 23384, 10551, 28364, 33302, 186676, 240125, 196892, 244728, 73231, 122194, 80200, 122805, 324087, 319795, 174223, 276799, 285336, 204369, 244663, 221831, 241683, 286607, 284685], [98802, 41738, 80567, 220141, 210157, 228409, 206313, 136111, 182216, 68440, 8988, 64878, 13784, 52944, 180667, 151981, 214382, 136035, 141766, 177699, 150583, 119207, 165639, 210942, 65053, 0, 63106, 68308, 1441, 59334, 39397, 82791, 26958, 65827, 4048, 91583, 137456, 292215, 217640, 149291, 185608, 179866, 120733, 56692, 309704, 226313, 112514, 50404, 312864, 226519, 119001, 36322, 136316, 180230, 112750, 168913, 99808, 175361, 106541, 41394, 172545, 139710, 145624, 176630, 144421, 185276, 70788, 41669, 75604, 36688, 98356, 121622, 175071, 131839, 179675, 8178, 57140, 15146, 57752, 259034, 254742, 109170, 211746, 220282, 139316, 179609, 156778, 176629, 221553, 219632], [35695, 21368, 17460, 157035, 147050, 291516, 269419, 73005, 119109, 131546, 72095, 127985, 76891, 10162, 117560, 88874, 151276, 72929, 78660, 114593, 87477, 56101, 102532, 147835, 128159, 63106, 0, 131414, 61665, 3771, 23708, 19684, 36148, 2720, 59057, 28477, 200563, 355322, 280747, 212397, 248715, 242973, 183839, 119799, 372811, 289420, 175621, 113511, 375971, 289626, 182108, 99429, 73209, 117123, 49644, 105807, 162915, 238467, 169647, 104500, 235652, 202817, 82517, 113524, 81314, 122169, 133895, 104775, 138711, 99795, 161462, 58516, 111965, 68732, 116568, 54928, 5965, 47959, 5354, 195927, 191635, 46063, 148639, 157176, 76209, 116503, 93671, 113523, 158447, 156525], [167110, 110046, 148875, 288449, 278465, 160101, 138005, 204419, 250524, 132, 59319, 3429, 54523, 121252, 248975, 220289, 282690, 204344, 210075, 246007, 218891, 187515, 233947, 279250, 3254, 68308, 131414, 0, 69749, 127642, 107705, 151099, 95266, 134135, 72356, 159891, 69148, 223907, 149332, 80983, 117300, 111558, 52425, 11615, 241396, 158005, 44206, 17903, 244556, 158211, 50693, 31985, 204624, 248538, 181058, 237222, 31500, 107052, 38233, 26913, 104237, 71402, 213932, 244939, 212729, 253584, 2480, 26638, 7296, 31619, 30048, 189930, 243380, 200147, 247983, 76486, 125449, 83455, 126060, 327342, 323050, 177478, 280054, 288590, 207624, 247917, 225086, 244937, 289861, 287940], [97361, 40297, 79126, 218700, 208716, 229851, 207754, 134670, 180775, 69881, 10430, 66319, 15225, 51503, 179226, 150540, 212941, 134594, 140325, 176258, 149142, 117766, 164198, 209501, 66494, 1441, 61665, 69749, 0, 57893, 37956, 81350, 25517, 64386, 2607, 90142, 138898, 293656, 219081, 150732, 187049, 181307, 122174, 58133, 311145, 227755, 113955, 51845, 314305, 227960, 120443, 37764, 134874, 178789, 111309, 167472, 101249, 176802, 107982, 42835, 173986, 141151, 144183, 175189, 142979, 183835, 72230, 43110, 77045, 38129, 99797, 120181, 173630, 130398, 178234, 6737, 55699, 13705, 56311, 257593, 253300, 107728, 210305, 218841, 137875, 178168, 155337, 175188, 220112, 218191], [39467, 17596, 21232, 160806, 150822, 287744, 265648, 76776, 122881, 127775, 68323, 124213, 73119, 6390, 121332, 92646, 155047, 76701, 82432, 118364, 91248, 59872, 106304, 151607, 124388, 59334, 3771, 127642, 57893, 0, 19937, 23456, 32376, 6492, 55286, 32248, 196791, 351550, 276975, 208626, 244943, 239201, 180067, 116027, 369039, 285648, 171849, 109739, 372199, 285854, 178336, 95657, 76981, 120895, 53415, 109579, 159143, 234695, 165876, 100729, 231880, 199045, 86289, 117296, 85086, 125941, 130123, 101003, 134939, 96023, 157691, 62288, 115737, 72504, 120340, 51156, 2193, 44187, 1582, 199699, 195407, 49835, 152411, 160947, 79981, 120275, 97443, 117295, 162218, 160297], [59404, 2340, 41169, 180744, 170759, 267807, 245710, 96714, 142818, 107837, 48386, 104276, 53182, 13546, 141269, 112583, 174985, 96638, 102369, 138302, 111186, 79810, 126241, 171544, 104450, 39397, 23708, 107705, 37956, 19937, 0, 43393, 12439, 26429, 35348, 52186, 176854, 331613, 257038, 188688, 225006, 219264, 160130, 96090, 349102, 265711, 151912, 89802, 352262, 265917, 158399, 75720, 96918, 140832, 73353, 129516, 139206, 214758, 145938, 80792, 211943, 179108, 106226, 137233, 105023, 145878, 110186, 81066, 115002, 76086, 137753, 82225, 135674, 92441, 140277, 31219, 17743, 24250, 18354, 219636, 215344, 69772, 172348, 180885, 99918, 140212, 117380, 137232, 182156, 180234], [16010, 41053, 2223, 137350, 127366, 311201, 289104, 53320, 99424, 151231, 91780, 147670, 96576, 29846, 97875, 69189, 131591, 53244, 58975, 94908, 67792, 36416, 82848, 128151, 147844, 82791, 19684, 151099, 81350, 23456, 43393, 0, 55833, 16963, 78742, 8792, 220248, 375007, 300432, 232082, 268400, 262657, 203524, 139484, 392495, 309105, 195306, 133195, 395656, 309310, 201793, 119114, 53524, 97439, 29959, 86122, 182599, 258152, 189332, 124185, 255336, 222502, 62832, 93839, 61629, 102485, 153580, 124460, 158396, 119480, 181147, 38831, 92280, 49048, 96884, 74612, 25650, 67644, 25038, 176242, 171950, 26378, 128954, 137491, 56524, 96818, 73986, 93838, 138762, 136840], [71844, 14780, 53609, 193183, 183199, 255368, 233271, 109153, 155258, 95398, 35947, 91837, 40742, 25986, 153709, 125023, 187424, 109077, 114808, 150741, 123625, 92249, 138681, 183984, 92011, 26958, 36148, 95266, 25517, 32376, 12439, 55833, 0, 38869, 22909, 64625, 164415, 319173, 244598, 176249, 212566, 206824, 147691, 83650, 336662, 253272, 139472, 77362, 339822, 253477, 145960, 63281, 109357, 153272, 85792, 141955, 126766, 202319, 133499, 68352, 199503, 166668, 118666, 149672, 117462, 158318, 97747, 68627, 102562, 63646, 125314, 94664, 148113, 104881, 152717, 18779, 30182, 11811, 30794, 232076, 227783, 82211, 184788, 193324, 112358, 152651, 129820, 149671, 194595, 192674], [32974, 24089, 14739, 154314, 144329, 294237, 272140, 70284, 116388, 134267, 74816, 130706, 79612, 12883, 114839, 86153, 148555, 70208, 75939, 111872, 84756, 53380, 99811, 145114, 130880, 65827, 2720, 134135, 64386, 6492, 26429, 16963, 38869, 0, 61778, 25756, 203284, 358043, 283468, 215118, 251436, 245694, 186560, 122520, 375531, 292141, 178342, 116232, 378692, 292347, 184829, 102150, 70488, 114402, 46923, 103086, 165635, 241188, 172368, 107221, 238373, 205538, 79796, 110803, 78593, 119448, 136616, 107496, 141432, 102516, 164183, 55795, 109244, 66011, 113848, 57649, 8686, 50680, 8074, 193206, 188914, 43342, 145918, 154455, 73488, 113782, 90950, 110802, 155726, 153804], [94753, 37689, 76518, 216092, 206108, 232458, 210361, 132062, 178167, 72489, 13037, 68927, 17833, 48895, 176618, 147932, 210334, 131987, 137718, 173650, 146534, 115159, 161590, 206893, 69102, 4048, 59057, 72356, 2607, 55286, 35348, 78742, 22909, 61778, 0, 87534, 141505, 296264, 221689, 153340, 189657, 183915, 124781, 60741, 313753, 230362, 116563, 54453, 316913, 230568, 123050, 40371, 132267, 176181, 108701, 164865, 103857, 179409, 110590, 45443, 176594, 143759, 141575, 172582, 140372, 181227, 74837, 45717, 79653, 40737, 102404, 117574, 171023, 127790, 175626, 4129, 53092, 11098, 53703, 254985, 250693, 105121, 207697, 216234, 135267, 175561, 152729, 172581, 217505, 215583], [7218, 49845, 11016, 128558, 118573, 319993, 297896, 44528, 90632, 160023, 100572, 156462, 105368, 38639, 89083, 60397, 122799, 44452, 50183, 86116, 59000, 27624, 74055, 119358, 156636, 91583, 28477, 159891, 90142, 32248, 52186, 8792, 64625, 25756, 87534, 0, 229040, 383799, 309224, 240874, 277192, 271450, 212316, 148276, 401288, 317897, 204098, 141988, 404448, 318103, 210585, 127906, 44732, 88646, 21167, 77330, 191392, 266944, 198124, 132978, 264129, 231294, 54040, 85047, 52837, 93692, 162372, 133252, 167188, 128272, 189939, 30039, 83488, 40255, 88091, 83405, 34442, 76436, 33831, 167450, 163158, 17586, 120162, 128699, 47732, 88026, 65194, 85046, 129970, 128048], [236259, 179195, 218024, 357598, 347614, 90953, 68856, 273568, 319673, 69016, 128467, 72578, 123672, 190401, 318124, 289438, 351839, 273492, 279223, 315156, 288040, 256664, 303096, 348399, 72403, 137456, 200563, 69148, 138898, 196791, 176854, 220248, 164415, 203284, 141505, 229040, 0, 154758, 80183, 11834, 48151, 42409, 16723, 80764, 172247, 88856, 24942, 87052, 175407, 89062, 18455, 101134, 273773, 317687, 250207, 306370, 37648, 37904, 30915, 96062, 35088, 2253, 283081, 314087, 281878, 322733, 66668, 95787, 61852, 100768, 39100, 259079, 312528, 269296, 317132, 145635, 194597, 152603, 195209, 396491, 392198, 246627, 349203, 357739, 276773, 317066, 294235, 314086, 359010, 357089], [391018, 333953, 372783, 512357, 502373, 63805, 85902, 428327, 474432, 223775, 283226, 227336, 278430, 345160, 472883, 444197, 506598, 428251, 433982, 469915, 442799, 411423, 457855, 503158, 227162, 292215, 355322, 223907, 293656, 351550, 331613, 375007, 319173, 358043, 296264, 383799, 154758, 0, 74575, 142924, 106607, 112349, 171482, 235523, 17488, 65901, 179701, 241811, 20648, 65696, 173213, 255892, 428531, 472446, 404966, 461129, 192407, 116854, 185674, 250821, 119670, 152504, 437840, 468846, 436636, 477492, 221426, 250546, 216611, 255527, 193859, 413838, 467287, 424055, 471891, 300394, 349356, 307362, 349968, 551249, 546957, 401385, 503962, 512498, 431531, 471825, 448993, 468845, 513769, 511848], [316442, 259378, 298208, 437782, 427798, 10769, 11327, 353752, 399856, 149200, 208651, 152761, 203855, 270585, 398308, 369621, 432023, 353676, 359407, 395340, 368224, 336848, 383280, 428583, 152587, 217640, 280747, 149332, 219081, 276975, 257038, 300432, 244598, 283468, 221689, 309224, 80183, 74575, 0, 68349, 32031, 37774, 96907, 160947, 92063, 8673, 105125, 167236, 95223, 8878, 98638, 181317, 353956, 397871, 330391, 386554, 117832, 42279, 111099, 176246, 45095, 77929, 363264, 394271, 362061, 402917, 146851, 175971, 142035, 180951, 119284, 339263, 392712, 349480, 397316, 225819, 274781, 232787, 275393, 476674, 472382, 326810, 429386, 437923, 356956, 397250, 374418, 394270, 439194, 437272], [248093, 191029, 229858, 369432, 359448, 79118, 57021, 285402, 331507, 80850, 140302, 84412, 135506, 202235, 329958, 301272, 363674, 285327, 291058, 326990, 299874, 268499, 314930, 360233, 84237, 149291, 212397, 80983, 150732, 208626, 188688, 232082, 176249, 215118, 153340, 240874, 11834, 142924, 68349, 0, 36317, 30575, 28558, 92598, 160413, 77022, 36776, 98886, 163573, 77228, 30289, 112968, 285607, 329521, 262041, 318205, 49482, 26069, 42750, 107896, 23254, 9580, 294915, 325922, 293712, 334567, 78502, 107622, 73686, 112602, 50935, 270914, 324363, 281130, 328966, 157469, 206432, 164438, 207043, 408325, 404033, 258461, 361037, 369574, 288607, 328901, 306069, 325921, 370845, 368923], [284411, 227346, 266176, 405750, 395766, 42801, 20704, 321720, 367825, 117168, 176619, 120729, 171823, 238553, 366276, 337590, 399991, 321644, 327375, 363308, 336192, 304816, 351248, 396551, 120555, 185608, 248715, 117300, 187049, 244943, 225006, 268400, 212566, 251436, 189657, 277192, 48151, 106607, 32031, 36317, 0, 5742, 64875, 128916, 124095, 40705, 73093, 135204, 127255, 40910, 66606, 149285, 321924, 365839, 298359, 354522, 85800, 10247, 79067, 144214, 13063, 45897, 331233, 362239, 330029, 370885, 114819, 143939, 110004, 148920, 87252, 307231, 360680, 317448, 365284, 193787, 242749, 200755, 243361, 444642, 440350, 294778, 397355, 405891, 324924, 365218, 342386, 362238, 407162, 405241], [278668, 221604, 260434, 400008, 390023, 48543, 26446, 315978, 362082, 111426, 170877, 114987, 166081, 232811, 360533, 331847, 394249, 315902, 321633, 357566, 330450, 299074, 345505, 390809, 114813, 179866, 242973, 111558, 181307, 239201, 219264, 262657, 206824, 245694, 183915, 271450, 42409, 112349, 37774, 30575, 5742, 0, 59133, 123173, 129837, 46447, 67351, 129462, 132998, 46652, 60864, 143543, 316182, 360096, 292617, 348780, 80058, 4505, 73325, 138472, 7321, 40155, 325490, 356497, 324287, 365143, 109077, 138197, 104261, 143177, 81510, 301489, 354938, 311706, 359542, 188045, 237007, 195013, 237619, 438900, 434608, 289036, 391612, 400149, 319182, 359476, 336644, 356496, 401420, 399498], [219535, 162471, 201300, 340874, 330890, 107676, 85580, 256844, 302949, 52292, 111744, 55854, 106948, 173677, 301400, 272714, 335115, 256769, 262500, 298432, 271316, 239940, 286372, 331675, 55679, 120733, 183839, 52425, 122174, 180067, 160130, 203524, 147691, 186560, 124781, 212316, 16723, 171482, 96907, 28558, 64875, 59133, 0, 64040, 188971, 105580, 8218, 70328, 192131, 105786, 1731, 84410, 257049, 300963, 233483, 289647, 20924, 54627, 14191, 79338, 51812, 18977, 266357, 297364, 265154, 306009, 49944, 79064, 45128, 84044, 22376, 242356, 295805, 252572, 300408, 128911, 177874, 135880, 178485, 379767, 375475, 229903, 332479, 341015, 260049, 300343, 277511, 297363, 342286, 340365], [155494, 98430, 137260, 276834, 266850, 171717, 149620, 192804, 238908, 11747, 47703, 8186, 42907, 109637, 237360, 208673, 271075, 192728, 198459, 234392, 207276, 175900, 222332, 267635, 8360, 56692, 119799, 11615, 58133, 116027, 96090, 139484, 83650, 122520, 60741, 148276, 80764, 235523, 160947, 92598, 128916, 123173, 64040, 0, 253011, 169621, 55822, 6288, 256171, 169826, 62309, 20369, 193008, 236923, 169443, 225606, 43115, 118668, 49848, 15298, 115852, 83018, 202316, 233323, 201113, 241969, 14096, 15023, 18912, 20003, 41663, 178315, 231764, 188532, 236368, 64871, 113833, 71839, 114445, 315726, 311434, 165862, 268439, 276975, 196008, 236302, 213470, 233322, 278246, 276324], [408506, 351442, 390271, 529846, 519861, 81294, 103391, 445816, 491920, 241264, 300715, 244825, 295919, 362648, 490371, 461685, 524087, 445740, 451471, 487404, 460288, 428912, 475343, 520646, 244651, 309704, 372811, 241396, 311145, 369039, 349102, 392495, 336662, 375531, 313753, 401288, 172247, 17488, 92063, 160413, 124095, 129837, 188971, 253011, 0, 83390, 197189, 259299, 3160, 83184, 190702, 273381, 446020, 489934, 422455, 478618, 209895, 134343, 203163, 268310, 137158, 169993, 455328, 486335, 454125, 494980, 238915, 268035, 234099, 273015, 211348, 431327, 484776, 441543, 489379, 317882, 366845, 324851, 367456, 568738, 564446, 418874, 521450, 529987, 449020, 489314, 466482, 486334, 531258, 529336], [325116, 268052, 306881, 446455, 436471, 2096, 20000, 362425, 408530, 157873, 217324, 161435, 212529, 279258, 406981, 378295, 440696, 362349, 368080, 404013, 376897, 345521, 391953, 437256, 161260, 226313, 289420, 158005, 227755, 285648, 265711, 309105, 253272, 292141, 230362, 317897, 88856, 65901, 8673, 77022, 40705, 46447, 105580, 169621, 83390, 0, 113799, 175909, 86550, 205, 107311, 189990, 362630, 406544, 339064, 395227, 126505, 50952, 119772, 184919, 53768, 86603, 371938, 402944, 370735, 411590, 155525, 184644, 150709, 189625, 127957, 347936, 401385, 358153, 405989, 234492, 283454, 241460, 284066, 485348, 481055, 335483, 438060, 446596, 365630, 405923, 383092, 402943, 447867, 445946], [211317, 154252, 193082, 332656, 322672, 115895, 93798, 248626, 294731, 44074, 103525, 47635, 98729, 165459, 293182, 264496, 326897, 248550, 254281, 290214, 263098, 231722, 278154, 323457, 47461, 112514, 175621, 44206, 113955, 171849, 151912, 195306, 139472, 178342, 116563, 204098, 24942, 179701, 105125, 36776, 73093, 67351, 8218, 55822, 197189, 113799, 0, 62110, 200349, 114004, 6487, 76191, 248830, 292745, 225265, 281428, 12706, 62846, 5973, 71120, 60030, 27196, 258139, 289145, 256935, 297791, 41725, 70845, 36910, 75826, 14158, 234137, 287586, 244354, 292190, 120693, 169655, 127661, 170267, 371548, 367256, 221684, 324261, 332797, 251830, 292124, 269292, 289144, 334068, 332147], [149206, 92142, 130972, 270546, 260561, 178005, 155908, 186516, 232620, 18035, 41415, 14474, 36619, 103349, 231071, 202385, 264787, 186440, 192171, 228104, 200988, 169612, 216043, 261346, 14648, 50404, 113511, 17903, 51845, 109739, 89802, 133195, 77362, 116232, 54453, 141988, 87052, 241811, 167236, 98886, 135204, 129462, 70328, 6288, 259299, 175909, 62110, 0, 262460, 176114, 68597, 14081, 186720, 230634, 163155, 219318, 49403, 124956, 56136, 9010, 122140, 89306, 196028, 227035, 194825, 235680, 20384, 8735, 25200, 13715, 47951, 172027, 225476, 182244, 230080, 58583, 107545, 65551, 108157, 309438, 305146, 159574, 262150, 270687, 189720, 230014, 207182, 227034, 271958, 270036], [411666, 354602, 393432, 533006, 523022, 84454, 106551, 448976, 495080, 244424, 303875, 247985, 299079, 365809, 493532, 464845, 527247, 448900, 454631, 490564, 463448, 432072, 478504, 523807, 247811, 312864, 375971, 244556, 314305, 372199, 352262, 395656, 339822, 378692, 316913, 404448, 175407, 20648, 95223, 163573, 127255, 132998, 192131, 256171, 3160, 86550, 200349, 262460, 0, 86345, 193862, 276541, 449180, 493095, 425615, 481778, 213056, 137503, 206323, 271470, 140319, 173153, 458488, 489495, 457285, 498141, 242075, 271195, 237259, 276175, 214508, 434487, 487936, 444704, 492540, 321043, 370005, 328011, 370617, 571898, 567606, 422034, 524610, 533147, 452180, 492474, 469642, 489494, 534418, 532496], [325321, 268257, 307087, 446661, 436676, 1890, 20206, 362631, 408735, 158079, 217530, 161640, 212734, 279463, 407186, 378500, 440902, 362555, 368286, 404219, 377103, 345727, 392158, 437461, 161466, 226519, 289626, 158211, 227960, 285854, 265917, 309310, 253477, 292347, 230568, 318103, 89062, 65696, 8878, 77228, 40910, 46652, 105786, 169826, 83184, 205, 114004, 176114, 86345, 0, 107517, 190196, 362835, 406749, 339270, 395433, 126711, 51158, 119978, 185125, 53974, 86808, 372143, 403150, 370940, 411795, 155730, 184850, 150914, 189830, 128163, 348142, 401591, 358359, 406195, 234698, 283660, 241666, 284272, 485553, 481261, 335689, 438265, 446802, 365835, 406129, 383297, 403149, 448073, 446151], [217804, 160740, 199569, 339143, 329159, 109408, 87311, 255113, 301218, 50561, 110012, 54123, 105217, 171946, 299669, 270983, 333384, 255037, 260768, 296701, 269585, 238209, 284641, 329944, 53948, 119001, 182108, 50693, 120443, 178336, 158399, 201793, 145960, 184829, 123050, 210585, 18455, 173213, 98638, 30289, 66606, 60864, 1731, 62309, 190702, 107311, 6487, 68597, 193862, 107517, 0, 82678, 255318, 299232, 231752, 287915, 19193, 56359, 12460, 77607, 53543, 20708, 264626, 295632, 263423, 304278, 48213, 77332, 43397, 82313, 20645, 240624, 294073, 250841, 298677, 127180, 176142, 134148, 176754, 378036, 373743, 228171, 330748, 339284, 258318, 298611, 275780, 295631, 340555, 338634], [135125, 78061, 116890, 256464, 246480, 192087, 169990, 172434, 218539, 32117, 27333, 28555, 22538, 89267, 216990, 188304, 250705, 172358, 178089, 214022, 186906, 155530, 201962, 247265, 28730, 36322, 99429, 31985, 37764, 95657, 75720, 119114, 63281, 102150, 40371, 127906, 101134, 255892, 181317, 112968, 149285, 143543, 84410, 20369, 273381, 189990, 76191, 14081, 276541, 190196, 82678, 0, 172639, 216553, 149073, 205236, 63485, 139038, 70218, 5071, 136222, 103387, 181947, 212953, 180744, 221599, 34465, 5346, 39281, 365, 62033, 157945, 211394, 168162, 215998, 44501, 93463, 51469, 94075, 295357, 291064, 145493, 248069, 256605, 175639, 215932, 193101, 212952, 257876, 255955], [37513, 94577, 55748, 83825, 73841, 364726, 342629, 204, 45900, 204756, 145305, 201194, 150100, 83371, 44351, 15665, 78066, 280, 5450, 41383, 14267, 17108, 29323, 74626, 201369, 136316, 73209, 204624, 134874, 76981, 96918, 53524, 109357, 70488, 132267, 44732, 273773, 428531, 353956, 285607, 321924, 316182, 257049, 193008, 446020, 362630, 248830, 186720, 449180, 362835, 255318, 172639, 0, 43914, 23565, 32597, 236124, 311677, 242857, 177710, 308861, 276026, 9308, 40314, 8104, 48960, 207104, 177985, 211920, 173004, 234672, 14693, 38755, 4476, 43359, 128137, 79175, 121169, 78563, 122718, 118425, 27146, 75430, 83966, 3000, 43293, 20462, 40313, 85237, 83316], [81428, 138492, 99662, 39911, 29927, 408640, 386543, 44118, 1985, 248670, 189219, 245109, 194015, 127285, 436, 28249, 34152, 44194, 38463, 2530, 29646, 61022, 14590, 30712, 245283, 180230, 117123, 248538, 178789, 120895, 140832, 97439, 153272, 114402, 176181, 88646, 317687, 472446, 397871, 329521, 365839, 360096, 300963, 236923, 489934, 406544, 292745, 230634, 493095, 406749, 299232, 216553, 43914, 0, 67479, 11316, 280038, 355591, 286771, 221624, 352775, 319941, 34606, 3599, 35809, 5046, 251019, 221899, 255835, 216919, 278586, 58607, 5158, 48390, 554, 172051, 123089, 165083, 122477, 78803, 74511, 71060, 31515, 40052, 40914, 620, 23452, 3600, 41323, 39401], [13948, 71012, 32183, 107390, 97406, 341160, 319063, 23360, 69465, 181191, 121739, 177629, 126535, 59806, 67916, 39230, 101632, 23285, 29016, 64948, 37832, 6457, 52888, 98191, 177804, 112750, 49644, 181058, 111309, 53415, 73353, 29959, 85792, 46923, 108701, 21167, 250207, 404966, 330391, 262041, 298359, 292617, 233483, 169443, 422455, 339064, 225265, 163155, 425615, 339270, 231752, 149073, 23565, 67479, 0, 56163, 212559, 288111, 219291, 154145, 285296, 252461, 32873, 63880, 31670, 72525, 183539, 154419, 188355, 149439, 211106, 8872, 62321, 19088, 66924, 104572, 55609, 97603, 54998, 146283, 141991, 3580, 98995, 107532, 26565, 66859, 44027, 63879, 108803, 106881], [70111, 127175, 88346, 51227, 41243, 397323, 375227, 32802, 13302, 237354, 177902, 233792, 182698, 115969, 11753, 16932, 45468, 32878, 27147, 8785, 18330, 49706, 3274, 42028, 233967, 168913, 105807, 237222, 167472, 109579, 129516, 86122, 141955, 103086, 164865, 77330, 306370, 461129, 386554, 318205, 354522, 348780, 289647, 225606, 478618, 395227, 281428, 219318, 481778, 395433, 287915, 205236, 32597, 11316, 56163, 0, 268722, 344275, 275455, 210308, 341459, 308624, 23289, 7716, 24492, 16362, 239702, 210583, 244518, 205602, 267270, 47291, 6157, 37074, 10761, 160735, 111773, 153767, 111161, 90120, 85828, 59743, 42832, 51368, 29597, 10695, 12135, 7715, 52639, 50718], [198610, 141546, 180375, 319950, 309965, 128601, 106504, 235920, 282024, 31368, 90819, 34929, 86023, 152752, 280475, 251789, 314191, 235844, 241575, 277508, 250392, 219016, 265447, 310750, 34755, 99808, 162915, 31500, 101249, 159143, 139206, 182599, 126766, 165635, 103857, 191392, 37648, 192407, 117832, 49482, 85800, 80058, 20924, 43115, 209895, 126505, 12706, 49403, 213056, 126711, 19193, 63485, 236124, 280038, 212559, 268722, 0, 75552, 6732, 58414, 72737, 39902, 245432, 276439, 244229, 285084, 29019, 58139, 24203, 63119, 1452, 221431, 274880, 231647, 279484, 107986, 156949, 114955, 157560, 358842, 354550, 208978, 311554, 320091, 239124, 279418, 256586, 276438, 321362, 319440], [274163, 217099, 255928, 395502, 385518, 53048, 30952, 311472, 357577, 106920, 166372, 110482, 161576, 228305, 356028, 327342, 389743, 311396, 317127, 353060, 325944, 294568, 341000, 386303, 110307, 175361, 238467, 107052, 176802, 234695, 214758, 258152, 202319, 241188, 179409, 266944, 37904, 116854, 42279, 26069, 10247, 4505, 54627, 118668, 134343, 50952, 62846, 124956, 137503, 51158, 56359, 139038, 311677, 355591, 288111, 344275, 75552, 0, 68819, 133966, 2815, 35650, 320985, 351991, 319782, 360637, 104572, 133691, 99756, 138672, 77004, 296983, 350433, 307200, 355036, 183539, 232501, 190508, 233113, 434395, 430103, 284531, 387107, 395643, 314677, 354970, 332139, 351990, 396914, 394993], [205343, 148279, 187108, 326682, 316698, 121868, 99771, 242652, 288757, 38100, 97552, 41662, 92756, 159485, 287208, 258522, 320924, 242577, 248308, 284240, 257124, 225749, 272180, 317483, 41487, 106541, 169647, 38233, 107982, 165876, 145938, 189332, 133499, 172368, 110590, 198124, 30915, 185674, 111099, 42750, 79067, 73325, 14191, 49848, 203163, 119772, 5973, 56136, 206323, 119978, 12460, 70218, 242857, 286771, 219291, 275455, 6732, 68819, 0, 65146, 66