{"matrix": [[0, 150179, 381374, 494152, 1358002, 1420598, 511785, 362606, 6423, 147933, 365641, 507831, 817059, 1027789, 1270635, 1450357, 1594129, 638417, 512746, 307729, 73738, 143251, 365641, 587967, 810420, 1032810, 1255200, 1476658, 1670521, 1838384, 497561, 301528, 79138, 143251, 365641, 588031, 810420, 1032810, 1255200, 1477590, 1699980, 1918826, 2116473, 2334027, 2487611, 863731, 728293, 516055, 301528, 79138, 143251, 365641, 588031, 810420, 1032810, 1255200, 1477590, 1699980, 1922370, 2144622, 2366680, 2589521, 2792035, 2946747, 3541795, 917591, 746308, 523918, 301528, 79138, 143251, 365641, 588031, 810420, 1032810, 1255200, 1477590, 1699980, 1922370, 2144759, 2367149, 2589539, 2811929, 3029258, 3192967, 951691, 746308, 523918, 301528, 79138, 143251, 365641, 588031, 810420, 1032810, 1255200, 1477590, 1699980, 1922370, 2144759, 2367149, 2589539, 2811929, 3034319, 3207087, 909378, 735015, 524093, 315013, 65262, 143251, 365641, 588031, 810420, 1032810, 1255200, 1477590, 1699980, 1922370, 2144759, 2367149, 2589539, 2811929, 3028381, 3182195, 669867, 525141, 32406, 146036, 365641, 588031, 810420, 1032810, 1255200, 1477590, 1699980, 1922370, 2144759, 2367149, 2589539, 2811449, 2963235, 209298, 388672, 588031, 810420, 1032810, 1255200, 1477590, 1699980, 1922370, 2144759, 2367149, 2589539, 2758990, 459795, 593127, 810420, 1032810, 1255200, 1477590, 1699980, 1922370, 2144759, 2367149, 2589539, 2756681, 676397, 820975, 1032810, 1255200, 1477590, 1699980, 1922370, 2144759, 2367149, 2589539, 2739651, 692763, 814029, 1032810, 1255200, 1477590, 1699980, 1922370, 2144759, 2367149, 2583191, 2715004, 3886629, 698482, 816240, 1035850, 1255200, 1477590, 1699980, 1922370, 2144759, 2367145, 2535126, 1065141, 1255200, 1477590, 1699980, 1909238, 2115793, 2415158, 2482899, 1115023, 1262183, 1477590, 1679576, 1825902, 915395, 1057627, 1257947, 1477590, 1662887, 866641, 1032810, 1255200, 1470970, 1619461, 918024, 1064174, 1254800, 1393548, 1246328], [150179, 0, 231194, 343972, 1207822, 1270418, 661965, 512786, 143756, 2246, 215461, 357651, 666879, 877609, 1120455, 1300177, 1443949, 788597, 662926, 457909, 223918, 6928, 215461, 437787, 660241, 882630, 1105020, 1326478, 1520341, 1688204, 647741, 451708, 229318, 6928, 215461, 437851, 660241, 882630, 1105020, 1327410, 1549800, 1768646, 1966293, 2183847, 2337431, 1013910, 878473, 666235, 451708, 229318, 6928, 215461, 437851, 660241, 882630, 1105020, 1327410, 1549800, 1772190, 1994442, 2216500, 2439342, 2641855, 2796567, 3391615, 1067771, 896487, 674098, 451708, 229318, 6928, 215461, 437851, 660241, 882630, 1105020, 1327410, 1549800, 1772190, 1994580, 2216969, 2439359, 2661749, 2879079, 3042788, 1101871, 896487, 674098, 451708, 229318, 6928, 215461, 437851, 660241, 882630, 1105020, 1327410, 1549800, 1772190, 1994580, 2216969, 2439359, 2661749, 2884139, 3056907, 1059558, 885195, 674273, 465192, 215442, 6928, 215461, 437851, 660241, 882630, 1105020, 1327410, 1549800, 1772190, 1994580, 2216969, 2439359, 2661749, 2878201, 3032015, 820047, 675321, 182586, 4143, 215461, 437851, 660241, 882630, 1105020, 1327410, 1549800, 1772190, 1994580, 2216969, 2439359, 2661269, 2813055, 59119, 238493, 437851, 660241, 882630, 1105020, 1327410, 1549800, 1772190, 1994580, 2216969, 2439359, 2608810, 309615, 442947, 660241, 882630, 1105020, 1327410, 1549800, 1772190, 1994580, 2216969, 2439359, 2606501, 526217, 670795, 882630, 1105020, 1327410, 1549800, 1772190, 1994580, 2216969, 2439359, 2589471, 542583, 663849, 882630, 1105020, 1327410, 1549800, 1772190, 1994580, 2216969, 2433011, 2564824, 3736449, 548302, 666060, 885670, 1105020, 1327410, 1549800, 1772190, 1994580, 2216965, 2384946, 914961, 1105020, 1327410, 1549800, 1759058, 1965613, 2264978, 2332719, 964843, 1112003, 1327410, 1529396, 1675723, 765215, 907447, 1107767, 1327410, 1512708, 716461, 882630, 1105020, 1320791, 1469281, 767844, 913994, 1104620, 1243368, 1096148], [381374, 231194, 0, 112778, 976628, 1039224, 893159, 743980, 374950, 233440, 15732, 126457, 435685, 646415, 889261, 1068983, 1212755, 1019792, 894120, 689103, 455113, 238122, 15732, 206593, 429046, 651436, 873826, 1095284, 1289147, 1457010, 878935, 682902, 460512, 238122, 15732, 206656, 429046, 651436, 873826, 1096216, 1318606, 1537452, 1735098, 1952652, 2106237, 1245105, 1109667, 897429, 682902, 460512, 238122, 15732, 206656, 429046, 651436, 873826, 1096216, 1318606, 1540996, 1763247, 1985306, 2208147, 2410661, 2565373, 3160421, 1298965, 1127682, 905292, 682902, 460512, 238122, 15732, 206656, 429046, 651436, 873826, 1096216, 1318606, 1540996, 1763385, 1985775, 2208165, 2430555, 2647884, 2811593, 1333065, 1127682, 905292, 682902, 460512, 238122, 15732, 206656, 429046, 651436, 873826, 1096216, 1318606, 1540996, 1763385, 1985775, 2208165, 2430555, 2652945, 2825713, 1290752, 1116389, 905468, 696387, 446636, 238122, 15732, 206656, 429046, 651436, 873826, 1096216, 1318606, 1540996, 1763385, 1985775, 2208165, 2430555, 2647007, 2800821, 1051241, 906515, 413780, 235337, 15732, 206656, 429046, 651436, 873826, 1096216, 1318606, 1540996, 1763385, 1985775, 2208165, 2430075, 2581861, 172075, 7298, 206656, 429046, 651436, 873826, 1096216, 1318606, 1540996, 1763385, 1985775, 2208165, 2377616, 78421, 211752, 429046, 651436, 873826, 1096216, 1318606, 1540996, 1763385, 1985775, 2208165, 2375307, 295023, 439601, 651436, 873826, 1096216, 1318606, 1540996, 1763385, 1985775, 2208165, 2358277, 311389, 432655, 651436, 873826, 1096216, 1318606, 1540996, 1763385, 1985775, 2201817, 2333630, 3505255, 317107, 434866, 654476, 873826, 1096216, 1318606, 1540996, 1763385, 1985771, 2153752, 683767, 873826, 1096216, 1318606, 1527863, 1734419, 2033784, 2101525, 733649, 880809, 1096216, 1298201, 1444528, 534021, 676253, 876572, 1096216, 1281513, 485266, 651436, 873826, 1089596, 1238087, 536650, 682800, 873426, 1012174, 864954], [494152, 343972, 112778, 0, 863850, 926446, 1005938, 856759, 487728, 346218, 128511, 13679, 322906, 533636, 776483, 956205, 1099976, 1132570, 1006898, 801882, 567891, 350901, 128511, 93815, 316268, 538658, 761048, 982506, 1176368, 1344232, 991714, 795680, 573291, 350901, 128511, 93878, 316268, 538658, 761048, 983437, 1205827, 1424673, 1622320, 1839874, 1993459, 1357883, 1222445, 1010208, 795680, 573291, 350901, 128511, 93878, 316268, 538658, 761048, 983437, 1205827, 1428217, 1650469, 1872528, 2095369, 2297883, 2452595, 3047642, 1411744, 1240460, 1018070, 795680, 573291, 350901, 128511, 93878, 316268, 538658, 761048, 983437, 1205827, 1428217, 1650607, 1872997, 2095387, 2317777, 2535106, 2698815, 1445844, 1240460, 1018070, 795680, 573291, 350901, 128511, 93878, 316268, 538658, 761048, 983437, 1205827, 1428217, 1650607, 1872997, 2095387, 2317777, 2540166, 2712934, 1403531, 1229167, 1018246, 809165, 559415, 350901, 128511, 93878, 316268, 538658, 761048, 983437, 1205827, 1428217, 1650607, 1872997, 2095387, 2317777, 2534229, 2688042, 1164019, 1019293, 526559, 348115, 128511, 93878, 316268, 538658, 761048, 983437, 1205827, 1428217, 1650607, 1872997, 2095387, 2317296, 2469083, 284853, 105479, 93878, 316268, 538658, 761048, 983437, 1205827, 1428217, 1650607, 1872997, 2095387, 2264838, 34357, 98974, 316268, 538658, 761048, 983437, 1205827, 1428217, 1650607, 1872997, 2095387, 2262528, 182245, 326823, 538658, 761048, 983437, 1205827, 1428217, 1650607, 1872997, 2095387, 2245499, 198610, 319876, 538658, 761048, 983437, 1205827, 1428217, 1650607, 1872997, 2089039, 2220851, 3392477, 204329, 322088, 541698, 761048, 983437, 1205827, 1428217, 1650607, 1872992, 2040973, 570989, 761048, 983437, 1205827, 1415085, 1621641, 1921005, 1988746, 620871, 768031, 983437, 1185423, 1331750, 421243, 563474, 763794, 983437, 1168735, 372488, 538658, 761048, 976818, 1125309, 423871, 570021, 760647, 899395, 752175], [1358002, 1207822, 976628, 863850, 0, 62596, 1869788, 1720609, 1351578, 1210068, 992361, 850170, 540943, 330213, 87366, 92355, 236126, 1996420, 1870749, 1665732, 1431741, 1214751, 992361, 770034, 547581, 325191, 102801, 118656, 312518, 480382, 1855564, 1659530, 1437141, 1214751, 992361, 769971, 547581, 325191, 102801, 119587, 341977, 560823, 758470, 976024, 1129609, 2221733, 2086295, 1874058, 1659530, 1437141, 1214751, 992361, 769971, 547581, 325191, 102801, 119587, 341977, 564367, 786619, 1008678, 1231519, 1434033, 1588745, 2183792, 2275594, 2104310, 1881920, 1659530, 1437141, 1214751, 992361, 769971, 547581, 325191, 102801, 119587, 341977, 564367, 786757, 1009147, 1231537, 1453927, 1671256, 1834965, 2309694, 2104310, 1881920, 1659530, 1437141, 1214751, 992361, 769971, 547581, 325191, 102801, 119587, 341977, 564367, 786757, 1009147, 1231537, 1453927, 1676316, 1849084, 2267381, 2093017, 1882096, 1673015, 1423265, 1214751, 992361, 769971, 547581, 325191, 102801, 119587, 341977, 564367, 786757, 1009147, 1231537, 1453927, 1670379, 1824192, 2027869, 1883143, 1390409, 1211965, 992361, 769971, 547581, 325191, 102801, 119587, 341977, 564367, 786757, 1009147, 1231537, 1453446, 1605233, 1148703, 969329, 769971, 547581, 325191, 102801, 119587, 341977, 564367, 786757, 1009147, 1231537, 1400988, 898207, 764875, 547581, 325191, 102801, 119587, 341977, 564367, 786757, 1009147, 1231537, 1398678, 681604, 537027, 325191, 102801, 119587, 341977, 564367, 786757, 1009147, 1231537, 1381649, 665239, 543973, 325191, 102801, 119587, 341977, 564367, 786757, 1009147, 1225189, 1357001, 2528627, 659520, 541761, 322151, 102801, 119587, 341977, 564367, 786757, 1009142, 1177123, 292860, 102801, 119587, 341977, 551235, 757791, 1057155, 1124896, 242978, 95818, 119587, 321573, 467900, 442606, 300375, 100055, 119587, 304885, 491361, 325191, 102801, 112968, 261459, 439978, 293828, 103202, 35545, 111674], [1420598, 1270418, 1039224, 926446, 62596, 0, 1932384, 1783205, 1414174, 1272664, 1054957, 912766, 603539, 392809, 149963, 29759, 173530, 2059016, 1933345, 1728328, 1494337, 1277347, 1054957, 832630, 610177, 387787, 165398, 56060, 249922, 417786, 1918160, 1722126, 1499737, 1277347, 1054957, 832567, 610177, 387787, 165398, 56991, 279381, 498227, 695874, 913428, 1067013, 2284329, 2148891, 1936654, 1722126, 1499737, 1277347, 1054957, 832567, 610177, 387787, 165398, 56991, 279381, 501771, 724023, 946082, 1168923, 1371437, 1526149, 2121196, 2338190, 2166906, 1944516, 1722126, 1499737, 1277347, 1054957, 832567, 610177, 387787, 165398, 56991, 279381, 501771, 724161, 946551, 1168941, 1391330, 1608660, 1772369, 2372290, 2166906, 1944516, 1722126, 1499737, 1277347, 1054957, 832567, 610177, 387787, 165398, 56991, 279381, 501771, 724161, 946551, 1168941, 1391330, 1613720, 1786488, 2329977, 2155613, 1944692, 1735611, 1485861, 1277347, 1054957, 832567, 610177, 387787, 165398, 56991, 279381, 501771, 724161, 946551, 1168941, 1391330, 1607783, 1761596, 2090465, 1945739, 1453005, 1274561, 1054957, 832567, 610177, 387787, 165398, 56991, 279381, 501771, 724161, 946551, 1168941, 1390850, 1542637, 1211299, 1031925, 832567, 610177, 387787, 165398, 56991, 279381, 501771, 724161, 946551, 1168941, 1338392, 960803, 827471, 610177, 387787, 165398, 56991, 279381, 501771, 724161, 946551, 1168941, 1336082, 744200, 599623, 387787, 165398, 56991, 279381, 501771, 724161, 946551, 1168941, 1319053, 727835, 606569, 387787, 165398, 56991, 279381, 501771, 724161, 946551, 1162592, 1294405, 2466031, 722116, 604357, 384747, 165398, 56991, 279381, 501771, 724161, 946546, 1114527, 355456, 165398, 56991, 279381, 488639, 695195, 994559, 1062300, 305574, 158414, 56991, 258977, 405304, 505203, 362971, 162651, 56991, 242289, 553957, 387787, 165398, 50372, 198863, 502574, 356424, 165798, 27050, 174270], [511785, 661965, 893159, 1005938, 1869788, 1932384, 0, 149179, 518209, 659719, 877426, 1019617, 1328844, 1539574, 1782421, 1962143, 2105915, 126632, 960, 204056, 438046, 655037, 877426, 1099753, 1322206, 1544596, 1766986, 1988444, 2182307, 2350170, 14224, 210257, 432647, 655037, 877426, 1099816, 1322206, 1544596, 1766986, 1989376, 2211766, 2430612, 2628258, 2845812, 2999397, 351945, 216507, 4269, 210257, 432647, 655037, 877426, 1099816, 1322206, 1544596, 1766986, 1989376, 2211766, 2434155, 2656407, 2878466, 3101307, 3303821, 3458533, 4053581, 405805, 234522, 12132, 210257, 432647, 655037, 877426, 1099816, 1322206, 1544596, 1766986, 1989376, 2211766, 2434155, 2656545, 2878935, 3101325, 3323715, 3541044, 3704753, 439906, 234522, 12132, 210257, 432647, 655037, 877426, 1099816, 1322206, 1544596, 1766986, 1989376, 2211766, 2434155, 2656545, 2878935, 3101325, 3323715, 3546105, 3718873, 397593, 223229, 12308, 196772, 446523, 655037, 877426, 1099816, 1322206, 1544596, 1766986, 1989376, 2211766, 2434155, 2656545, 2878935, 3101325, 3323715, 3540167, 3693981, 158081, 13355, 479379, 657822, 877426, 1099816, 1322206, 1544596, 1766986, 1989376, 2211766, 2434155, 2656545, 2878935, 3101325, 3323234, 3475021, 721084, 900458, 1099816, 1322206, 1544596, 1766986, 1989376, 2211766, 2434155, 2656545, 2878935, 3101325, 3270776, 971581, 1104912, 1322206, 1544596, 1766986, 1989376, 2211766, 2434155, 2656545, 2878935, 3101325, 3268467, 1188183, 1332761, 1544596, 1766986, 1989376, 2211766, 2434155, 2656545, 2878935, 3101325, 3251437, 1204549, 1325814, 1544596, 1766986, 1989376, 2211766, 2434155, 2656545, 2878935, 3094977, 3226790, 4398415, 1210267, 1328026, 1547636, 1766986, 1989376, 2211766, 2434155, 2656545, 2878931, 3046912, 1576927, 1766986, 1989376, 2211766, 2421023, 2627579, 2926944, 2994685, 1626809, 1773969, 1989376, 2191361, 2337688, 1427181, 1569412, 1769732, 1989376, 2174673, 1378426, 1544596, 1766986, 1982756, 2131247, 1429809, 1575960, 1766586, 1905333, 1758114], [362606, 512786, 743980, 856759, 1720609, 1783205, 149179, 0, 369030, 510540, 728247, 870438, 1179665, 1390395, 1633242, 1812964, 1956736, 275811, 150139, 54876, 288867, 505857, 728247, 950574, 1173027, 1395417, 1617807, 1839265, 2033128, 2200991, 134955, 61078, 283468, 505857, 728247, 950637, 1173027, 1395417, 1617807, 1840197, 2062586, 2281433, 2479079, 2696633, 2850218, 501124, 365686, 153448, 61078, 283468, 505857, 728247, 950637, 1173027, 1395417, 1617807, 1840197, 2062586, 2284976, 2507228, 2729287, 2952128, 3154642, 3309354, 3904401, 554984, 383701, 161311, 61078, 283468, 505857, 728247, 950637, 1173027, 1395417, 1617807, 1840197, 2062586, 2284976, 2507366, 2729756, 2952146, 3174536, 3391865, 3555574, 589085, 383701, 161311, 61078, 283468, 505857, 728247, 950637, 1173027, 1395417, 1617807, 1840197, 2062586, 2284976, 2507366, 2729756, 2952146, 3174536, 3396926, 3569694, 546772, 372408, 161487, 47593, 297344, 505857, 728247, 950637, 1173027, 1395417, 1617807, 1840197, 2062586, 2284976, 2507366, 2729756, 2952146, 3174536, 3390988, 3544801, 307260, 162534, 330200, 508643, 728247, 950637, 1173027, 1395417, 1617807, 1840197, 2062586, 2284976, 2507366, 2729756, 2952146, 3174055, 3325842, 571905, 751279, 950637, 1173027, 1395417, 1617807, 1840197, 2062586, 2284976, 2507366, 2729756, 2952146, 3121597, 822402, 955733, 1173027, 1395417, 1617807, 1840197, 2062586, 2284976, 2507366, 2729756, 2952146, 3119287, 1039004, 1183582, 1395417, 1617807, 1840197, 2062586, 2284976, 2507366, 2729756, 2952146, 3102258, 1055369, 1176635, 1395417, 1617807, 1840197, 2062586, 2284976, 2507366, 2729756, 2945798, 3077610, 4249236, 1061088, 1178847, 1398457, 1617807, 1840197, 2062586, 2284976, 2507366, 2729752, 2897733, 1427748, 1617807, 1840197, 2062586, 2271844, 2478400, 2777764, 2845505, 1477630, 1624790, 1840197, 2042182, 2188509, 1278002, 1420233, 1620553, 1840197, 2025494, 1229247, 1395417, 1617807, 1833577, 1982068, 1280630, 1426781, 1617406, 1756154, 1608934], [6423, 143756, 374950, 487728, 1351578, 1414174, 518209, 369030, 0, 141509, 359217, 501407, 810635, 1021365, 1264211, 1443933, 1587705, 644841, 519170, 314153, 80162, 136827, 359217, 581543, 803997, 1026386, 1248776, 1470234, 1664097, 1831960, 503985, 307952, 85562, 136827, 359217, 581607, 803997, 1026386, 1248776, 1471166, 1693556, 1912402, 2110049, 2327603, 2481188, 870154, 734717, 522479, 307952, 85562, 136827, 359217, 581607, 803997, 1026386, 1248776, 1471166, 1693556, 1915946, 2138198, 2360256, 2583098, 2785611, 2940324, 3535371, 924015, 752731, 530341, 307952, 85562, 136827, 359217, 581607, 803997, 1026386, 1248776, 1471166, 1693556, 1915946, 2138336, 2360726, 2583115, 2805505, 3022835, 3186544, 958115, 752731, 530341, 307952, 85562, 136827, 359217, 581607, 803997, 1026386, 1248776, 1471166, 1693556, 1915946, 2138336, 2360726, 2583115, 2805505, 3027895, 3200663, 915802, 741438, 530517, 321436, 71686, 136827, 359217, 581607, 803997, 1026386, 1248776, 1471166, 1693556, 1915946, 2138336, 2360726, 2583115, 2805505, 3021957, 3175771, 676290, 531565, 38830, 139613, 359217, 581607, 803997, 1026386, 1248776, 1471166, 1693556, 1915946, 2138336, 2360726, 2583115, 2805025, 2956812, 202875, 382249, 581607, 803997, 1026386, 1248776, 1471166, 1693556, 1915946, 2138336, 2360726, 2583115, 2752567, 453371, 586703, 803997, 1026386, 1248776, 1471166, 1693556, 1915946, 2138336, 2360726, 2583115, 2750257, 669973, 814551, 1026386, 1248776, 1471166, 1693556, 1915946, 2138336, 2360726, 2583115, 2733228, 686339, 807605, 1026386, 1248776, 1471166, 1693556, 1915946, 2138336, 2360726, 2576767, 2708580, 3880205, 692058, 809817, 1029427, 1248776, 1471166, 1693556, 1915946, 2138336, 2360721, 2528702, 1058718, 1248776, 1471166, 1693556, 1902814, 2109369, 2408734, 2476475, 1108600, 1255759, 1471166, 1673152, 1819479, 908971, 1051203, 1251523, 1471166, 1656464, 860217, 1026386, 1248776, 1464547, 1613038, 911600, 1057750, 1248376, 1387124, 1239904], [147933, 2246, 233440, 346218, 1210068, 1272664, 659719, 510540, 141509, 0, 217707, 359897, 669125, 879855, 1122701, 1302423, 1446195, 786351, 660680, 455663, 221672, 4682, 217707, 440033, 662487, 884876, 1107266, 1328724, 1522587, 1690450, 645495, 449462, 227072, 4682, 217707, 440097, 662487, 884876, 1107266, 1329656, 1552046, 1770892, 1968539, 2186093, 2339678, 1011664, 876227, 663989, 449462, 227072, 4682, 217707, 440097, 662487, 884876, 1107266, 1329656, 1552046, 1774436, 1996688, 2218746, 2441588, 2644101, 2798814, 3393861, 1065525, 894241, 671851, 449462, 227072, 4682, 217707, 440097, 662487, 884876, 1107266, 1329656, 1552046, 1774436, 1996826, 2219216, 2441605, 2663995, 2881325, 3045034, 1099625, 894241, 671851, 449462, 227072, 4682, 217707, 440097, 662487, 884876, 1107266, 1329656, 1552046, 1774436, 1996826, 2219216, 2441605, 2663995, 2886385, 3059153, 1057312, 882948, 672027, 462946, 213196, 4682, 217707, 440097, 662487, 884876, 1107266, 1329656, 1552046, 1774436, 1996826, 2219216, 2441605, 2663995, 2880447, 3034261, 817800, 673075, 180340, 1896, 217707, 440097, 662487, 884876, 1107266, 1329656, 1552046, 1774436, 1996826, 2219216, 2441605, 2663515, 2815302, 61365, 240739, 440097, 662487, 884876, 1107266, 1329656, 1552046, 1774436, 1996826, 2219216, 2441605, 2611057, 311861, 445193, 662487, 884876, 1107266, 1329656, 1552046, 1774436, 1996826, 2219216, 2441605, 2608747, 528463, 673041, 884876, 1107266, 1329656, 1552046, 1774436, 1996826, 2219216, 2441605, 2591718, 544829, 666095, 884876, 1107266, 1329656, 1552046, 1774436, 1996826, 2219216, 2435257, 2567070, 3738695, 550548, 668307, 887917, 1107266, 1329656, 1552046, 1774436, 1996826, 2219211, 2387192, 917208, 1107266, 1329656, 1552046, 1761304, 1967859, 2267224, 2334965, 967090, 1114249, 1329656, 1531642, 1677969, 767461, 909693, 1110013, 1329656, 1514954, 718707, 884876, 1107266, 1323037, 1471528, 770090, 916240, 1106866, 1245614, 1098394], [365641, 215461, 15732, 128511, 992361, 1054957, 877426, 728247, 359217, 217707, 0, 142190, 451418, 662147, 904994, 1084716, 1228488, 1004059, 878387, 673370, 439380, 222389, 0, 222326, 444779, 667169, 889559, 1111017, 1304880, 1472743, 863202, 667169, 444779, 222389, 0, 222389, 444779, 667169, 889559, 1111949, 1334339, 1553185, 1750831, 1968385, 2121970, 1229372, 1093934, 881696, 667169, 444779, 222389, 0, 222389, 444779, 667169, 889559, 1111949, 1334339, 1556728, 1778980, 2001039, 2223880, 2426394, 2581106, 3176154, 1283232, 1111949, 889559, 667169, 444779, 222389, 0, 222389, 444779, 667169, 889559, 1111949, 1334339, 1556728, 1779118, 2001508, 2223898, 2446288, 2663617, 2827326, 1317332, 1111949, 889559, 667169, 444779, 222389, 0, 222389, 444779, 667169, 889559, 1111949, 1334339, 1556728, 1779118, 2001508, 2223898, 2446288, 2668678, 2841446, 1275019, 1100656, 889735, 680654, 430903, 222389, 0, 222389, 444779, 667169, 889559, 1111949, 1334339, 1556728, 1779118, 2001508, 2223898, 2446288, 2662740, 2816554, 1035508, 890782, 398047, 219604, 0, 222389, 444779, 667169, 889559, 1111949, 1334339, 1556728, 1779118, 2001508, 2223898, 2445808, 2597594, 156342, 23031, 222389, 444779, 667169, 889559, 1111949, 1334339, 1556728, 1779118, 2001508, 2223898, 2393349, 94154, 227485, 444779, 667169, 889559, 1111949, 1334339, 1556728, 1779118, 2001508, 2223898, 2391040, 310756, 455334, 667169, 889559, 1111949, 1334339, 1556728, 1779118, 2001508, 2223898, 2374010, 327122, 448387, 667169, 889559, 1111949, 1334339, 1556728, 1779118, 2001508, 2217550, 2349363, 3520988, 332840, 450599, 670209, 889559, 1111949, 1334339, 1556728, 1779118, 2001504, 2169485, 699500, 889559, 1111949, 1334339, 1543596, 1750152, 2049517, 2117258, 749382, 896542, 1111949, 1313934, 1460261, 549754, 691986, 892305, 1111949, 1297246, 500999, 667169, 889559, 1105329, 1253820, 552383, 698533, 889159, 1027907, 880687], [507831, 357651, 126457, 13679, 850170, 912766, 1019617, 870438, 501407, 359897, 142190, 0, 309227, 519957, 762803, 942526, 1086297, 1146249, 1020578, 815561, 581570, 364580, 142190, 80135, 302589, 524979, 747368, 968826, 1162689, 1330552, 1005393, 809360, 586970, 364580, 142190, 80199, 302589, 524979, 747368, 969758, 1192148, 1410994, 1608641, 1826195, 1979780, 1371562, 1236125, 1023887, 809360, 586970, 364580, 142190, 80199, 302589, 524979, 747368, 969758, 1192148, 1414538, 1636790, 1858848, 2081690, 2284203, 2438916, 3033963, 1425423, 1254139, 1031749, 809360, 586970, 364580, 142190, 80199, 302589, 524979, 747368, 969758, 1192148, 1414538, 1636928, 1859318, 2081708, 2304097, 2521427, 2685136, 1459523, 1254139, 1031749, 809360, 586970, 364580, 142190, 80199, 302589, 524979, 747368, 969758, 1192148, 1414538, 1636928, 1859318, 2081708, 2304097, 2526487, 2699255, 1417210, 1242846, 1031925, 822844, 573094, 364580, 142190, 80199, 302589, 524979, 747368, 969758, 1192148, 1414538, 1636928, 1859318, 2081708, 2304097, 2520549, 2674363, 1177698, 1032973, 540238, 361794, 142190, 80199, 302589, 524979, 747368, 969758, 1192148, 1414538, 1636928, 1859318, 2081708, 2303617, 2455404, 298532, 119158, 80199, 302589, 524979, 747368, 969758, 1192148, 1414538, 1636928, 1859318, 2081708, 2251159, 48036, 85295, 302589, 524979, 747368, 969758, 1192148, 1414538, 1636928, 1859318, 2081708, 2248849, 168565, 313143, 524979, 747368, 969758, 1192148, 1414538, 1636928, 1859318, 2081708, 2231820, 184931, 306197, 524979, 747368, 969758, 1192148, 1414538, 1636928, 1859318, 2075359, 2207172, 3378797, 190650, 308409, 528019, 747368, 969758, 1192148, 1414538, 1636928, 1859313, 2027294, 557310, 747368, 969758, 1192148, 1401406, 1607962, 1907326, 1975067, 607192, 754351, 969758, 1171744, 1318071, 407563, 549795, 750115, 969758, 1155056, 358809, 524979, 747368, 963139, 1111630, 410192, 556342, 746968, 885716, 738496], [817059, 666879, 435685, 322906, 540943, 603539, 1328844, 1179665, 810635, 669125, 451418, 309227, 0, 210729, 453576, 633298, 777070, 1455477, 1329805, 1124788, 890798, 673807, 451418, 229091, 6638, 215751, 438141, 659599, 853462, 1021325, 1314620, 1118587, 896197, 673807, 451418, 229028, 6638, 215751, 438141, 660531, 882921, 1101767, 1299413, 1516967, 1670552, 1680790, 1545352, 1333114, 1118587, 896197, 673807, 451418, 229028, 6638, 215751, 438141, 660531, 882921, 1105310, 1327562, 1549621, 1772462, 1974976, 2129688, 2724736, 1734650, 1563367, 1340977, 1118587, 896197, 673807, 451418, 229028, 6638, 215751, 438141, 660531, 882921, 1105310, 1327700, 1550090, 1772480, 1994870, 2212199, 2375908, 1768751, 1563367, 1340977, 1118587, 896197, 673807, 451418, 229028, 6638, 215751, 438141, 660531, 882921, 1105310, 1327700, 1550090, 1772480, 1994870, 2217260, 2390028, 1726438, 1552074, 1341153, 1132072, 882321, 673807, 451418, 229028, 6638, 215751, 438141, 660531, 882921, 1105310, 1327700, 1550090, 1772480, 1994870, 2211322, 2365136, 1486926, 1342200, 849465, 671022, 451418, 229028, 6638, 215751, 438141, 660531, 882921, 1105310, 1327700, 1550090, 1772480, 1994389, 2146176, 607760, 428386, 229028, 6638, 215751, 438141, 660531, 882921, 1105310, 1327700, 1550090, 1772480, 1941931, 357263, 223932, 6638, 215751, 438141, 660531, 882921, 1105310, 1327700, 1550090, 1772480, 1939622, 140661, 3916, 215751, 438141, 660531, 882921, 1105310, 1327700, 1550090, 1772480, 1922592, 124295, 3030, 215751, 438141, 660531, 882921, 1105310, 1327700, 1550090, 1766132, 1897945, 3069570, 118577, 818, 218791, 438141, 660531, 882921, 1105310, 1327700, 1550086, 1718067, 248082, 438141, 660531, 882921, 1092178, 1298734, 1598099, 1665840, 297964, 445124, 660531, 862516, 1008843, 98336, 240567, 440887, 660531, 845828, 49581, 215751, 438141, 653911, 802402, 100964, 247115, 437741, 576488, 429269], [1027789, 877609, 646415, 533636, 330213, 392809, 1539574, 1390395, 1021365, 879855, 662147, 519957, 210729, 0, 242846, 422568, 566340, 1666207, 1540535, 1335518, 1101528, 884537, 662147, 439821, 217368, 5021, 227411, 448869, 642732, 810595, 1525350, 1329317, 1106927, 884537, 662147, 439758, 217368, 5021, 227411, 449801, 672191, 891037, 1088683, 1306237, 1459822, 1891520, 1756082, 1543844, 1329317, 1106927, 884537, 662147, 439758, 217368, 5021, 227411, 449801, 672191, 894580, 1116832, 1338891, 1561732, 1764246, 1918958, 2514006, 1945380, 1774097, 1551707, 1329317, 1106927, 884537, 662147, 439758, 217368, 5021, 227411, 449801, 672191, 894580, 1116970, 1339360, 1561750, 1784140, 2001469, 2165178, 1979480, 1774097, 1551707, 1329317, 1106927, 884537, 662147, 439758, 217368, 5021, 227411, 449801, 672191, 894580, 1116970, 1339360, 1561750, 1784140, 2006530, 2179298, 1937167, 1762804, 1551883, 1342802, 1093051, 884537, 662147, 439758, 217368, 5021, 227411, 449801, 672191, 894580, 1116970, 1339360, 1561750, 1784140, 2000592, 2154406, 1697656, 1552930, 1060195, 881752, 662147, 439758, 217368, 5021, 227411, 449801, 672191, 894580, 1116970, 1339360, 1561750, 1783660, 1935446, 818490, 639116, 439758, 217368, 5021, 227411, 449801, 672191, 894580, 1116970, 1339360, 1561750, 1731201, 567993, 434662, 217368, 5021, 227411, 449801, 672191, 894580, 1116970, 1339360, 1561750, 1728892, 351391, 206813, 5021, 227411, 449801, 672191, 894580, 1116970, 1339360, 1561750, 1711862, 335025, 213760, 5021, 227411, 449801, 672191, 894580, 1116970, 1339360, 1555402, 1687215, 2858840, 329307, 211548, 8061, 227411, 449801, 672191, 894580, 1116970, 1339356, 1507337, 37352, 227411, 449801, 672191, 881448, 1088004, 1387369, 1455110, 87234, 234394, 449801, 651786, 798113, 112393, 29838, 230157, 449801, 635098, 161148, 5021, 227411, 443181, 591672, 109764, 36385, 227011, 365759, 218539], [1270635, 1120455, 889261, 776483, 87366, 149963, 1782421, 1633242, 1264211, 1122701, 904994, 762803, 453576, 242846, 0, 179722, 323493, 1909053, 1783382, 1578365, 1344374, 1127384, 904994, 682667, 460214, 237824, 15434, 206023, 399885, 567749, 1768197, 1572163, 1349774, 1127384, 904994, 682604, 460214, 237824, 15434, 206954, 429344, 648190, 845837, 1063391, 1216976, 2134366, 1998928, 1786691, 1572163, 1349774, 1127384, 904994, 682604, 460214, 237824, 15434, 206954, 429344, 651734, 873986, 1096045, 1318886, 1521400, 1676112, 2271159, 2188227, 2016943, 1794553, 1572163, 1349774, 1127384, 904994, 682604, 460214, 237824, 15434, 206954, 429344, 651734, 874124, 1096514, 1318904, 1541294, 1758623, 1922332, 2222327, 2016943, 1794553, 1572163, 1349774, 1127384, 904994, 682604, 460214, 237824, 15434, 206954, 429344, 651734, 874124, 1096514, 1318904, 1541294, 1763683, 1936451, 2180014, 2005650, 1794729, 1585648, 1335898, 1127384, 904994, 682604, 460214, 237824, 15434, 206954, 429344, 651734, 874124, 1096514, 1318904, 1541294, 1757746, 1911559, 1940502, 1795776, 1303042, 1124598, 904994, 682604, 460214, 237824, 15434, 206954, 429344, 651734, 874124, 1096514, 1318904, 1540813, 1692600, 1061336, 881962, 682604, 460214, 237824, 15434, 206954, 429344, 651734, 874124, 1096514, 1318904, 1488355, 810840, 677508, 460214, 237824, 15434, 206954, 429344, 651734, 874124, 1096514, 1318904, 1486045, 594237, 449660, 237824, 15434, 206954, 429344, 651734, 874124, 1096514, 1318904, 1469016, 577872, 456606, 237824, 15434, 206954, 429344, 651734, 874124, 1096514, 1312556, 1444368, 2615994, 572153, 454394, 234784, 15434, 206954, 429344, 651734, 874124, 1096509, 1264490, 205493, 15434, 206954, 429344, 638602, 845158, 1144522, 1212263, 155611, 8451, 206954, 408940, 555267, 355239, 213008, 12688, 206954, 392252, 403994, 237824, 15434, 200335, 348826, 352611, 206461, 15835, 122912, 24307], [1450357, 1300177, 1068983, 956205, 92355, 29759, 1962143, 1812964, 1443933, 1302423, 1084716, 942526, 633298, 422568, 179722, 0, 143771, 2088775, 1963104, 1758087, 1524096, 1307106, 1084716, 862390, 639936, 417546, 195157, 26300, 220163, 388026, 1947919, 1751886, 1529496, 1307106, 1084716, 862326, 639936, 417546, 195157, 27232, 249622, 468468, 666115, 883669, 1037254, 2314088, 2178651, 1966413, 1751886, 1529496, 1307106, 1084716, 862326, 639936, 417546, 195157, 27232, 249622, 472012, 694264, 916322, 1139164, 1341677, 1496390, 2091437, 2367949, 2196665, 1974275, 1751886, 1529496, 1307106, 1084716, 862326, 639936, 417546, 195157, 27232, 249622, 472012, 694402, 916792, 1139182, 1361571, 1578901, 1742610, 2402049, 2196665, 1974275, 1751886, 1529496, 1307106, 1084716, 862326, 639936, 417546, 195157, 27232, 249622, 472012, 694402, 916792, 1139182, 1361571, 1583961, 1756729, 2359736, 2185372, 1974451, 1765370, 1515620, 1307106, 1084716, 862326, 639936, 417546, 195157, 27232, 249622, 472012, 694402, 916792, 1139182, 1361571, 1578023, 1731837, 2120224, 1975499, 1482764, 1304320, 1084716, 862326, 639936, 417546, 195157, 27232, 249622, 472012, 694402, 916792, 1139182, 1361091, 1512878, 1241058, 1061684, 862326, 639936, 417546, 195157, 27232, 249622, 472012, 694402, 916792, 1139182, 1308633, 990562, 857230, 639936, 417546, 195157, 27232, 249622, 472012, 694402, 916792, 1139182, 1306323, 773960, 629382, 417546, 195157, 27232, 249622, 472012, 694402, 916792, 1139182, 1289294, 757594, 636328, 417546, 195157, 27232, 249622, 472012, 694402, 916792, 1132833, 1264646, 2436271, 751875, 634116, 414506, 195157, 27232, 249622, 472012, 694402, 916787, 1084768, 385215, 195157, 27232, 249622, 458880, 665436, 964800, 1032541, 335333, 188174, 27232, 229218, 375545, 534962, 392730, 192410, 27232, 212530, 583716, 417546, 195157, 20613, 169104, 532333, 386183, 195557, 56809, 204029], [1594129, 1443949, 1212755, 1099976, 236126, 173530, 2105915, 1956736, 1587705, 1446195, 1228488, 1086297, 777070, 566340, 323493, 143771, 0, 2232547, 2106875, 1901859, 1667868, 1450878, 1228488, 1006161, 783708, 561318, 338928, 117470, 76392, 244255, 2091691, 1895657, 1673267, 1450878, 1228488, 1006098, 783708, 561318, 338928, 116538, 105850, 324696, 522343, 739897, 893482, 2457860, 2322422, 2110185, 1895657, 1673267, 1450878, 1228488, 1006098, 783708, 561318, 338928, 116538, 105850, 328240, 550492, 772551, 995392, 1197906, 1352618, 1947665, 2511721, 2340437, 2118047, 1895657, 1673267, 1450878, 1228488, 1006098, 783708, 561318, 338928, 116538, 105850, 328240, 550630, 773020, 995410, 1217800, 1435129, 1598838, 2545821, 2340437, 2118047, 1895657, 1673267, 1450878, 1228488, 1006098, 783708, 561318, 338928, 116538, 105850, 328240, 550630, 773020, 995410, 1217800, 1440190, 1612958, 2503508, 2329144, 2118223, 1909142, 1659391, 1450878, 1228488, 1006098, 783708, 561318, 338928, 116538, 105850, 328240, 550630, 773020, 995410, 1217800, 1434252, 1588065, 2263996, 2119270, 1626536, 1448092, 1228488, 1006098, 783708, 561318, 338928, 116538, 105850, 328240, 550630, 773020, 995410, 1217319, 1369106, 1384830, 1205456, 1006098, 783708, 561318, 338928, 116538, 105850, 328240, 550630, 773020, 995410, 1164861, 1134333, 1001002, 783708, 561318, 338928, 116538, 105850, 328240, 550630, 773020, 995410, 1162551, 917731, 773153, 561318, 338928, 116538, 105850, 328240, 550630, 773020, 995410, 1145522, 901366, 780100, 561318, 338928, 116538, 105850, 328240, 550630, 773020, 989062, 1120874, 2292500, 895647, 777888, 558278, 338928, 116538, 105850, 328240, 550630, 773016, 940997, 528987, 338928, 116538, 105850, 315108, 521664, 821028, 888769, 479105, 331945, 116538, 85446, 231773, 678733, 536502, 336182, 116538, 68758, 727488, 561318, 338928, 123158, 25332, 676105, 529955, 339329, 200581, 347801], [638417, 788597, 1019792, 1132570, 1996420, 2059016, 126632, 275811, 644841, 786351, 1004059, 1146249, 1455477, 1666207, 1909053, 2088775, 2232547, 0, 125671, 330688, 564678, 781669, 1004059, 1226385, 1448838, 1671228, 1893618, 2115076, 2308939, 2476802, 140856, 336889, 559279, 781669, 1004059, 1226448, 1448838, 1671228, 1893618, 2116008, 2338398, 2557244, 2754891, 2972444, 3126029, 225313, 89875, 122362, 336889, 559279, 781669, 1004059, 1226448, 1448838, 1671228, 1893618, 2116008, 2338398, 2560788, 2783039, 3005098, 3227939, 3430453, 3585165, 4180213, 279173, 107890, 114499, 336889, 559279, 781669, 1004059, 1226448, 1448838, 1671228, 1893618, 2116008, 2338398, 2560788, 2783177, 3005567, 3227957, 3450347, 3667676, 3831385, 313273, 107890, 114499, 336889, 559279, 781669, 1004059, 1226448, 1448838, 1671228, 1893618, 2116008, 2338398, 2560788, 2783177, 3005567, 3227957, 3450347, 3672737, 3845505, 270960, 96597, 114323, 323404, 573155, 781669, 1004059, 1226448, 1448838, 1671228, 1893618, 2116008, 2338398, 2560788, 2783177, 3005567, 3227957, 3450347, 3666799, 3820613, 31449, 113276, 606011, 784454, 1004059, 1226448, 1448838, 1671228, 1893618, 2116008, 2338398, 2560788, 2783177, 3005567, 3227957, 3449867, 3601653, 847716, 1027090, 1226448, 1448838, 1671228, 1893618, 2116008, 2338398, 2560788, 2783177, 3005567, 3227957, 3397408, 1098213, 1231544, 1448838, 1671228, 1893618, 2116008, 2338398, 2560788, 2783177, 3005567, 3227957, 3395099, 1314815, 1459393, 1671228, 1893618, 2116008, 2338398, 2560788, 2783177, 3005567, 3227957, 3378069, 1331181, 1452447, 1671228, 1893618, 2116008, 2338398, 2560788, 2783177, 3005567, 3221609, 3353422, 4525047, 1336899, 1454658, 1674268, 1893618, 2116008, 2338398, 2560788, 2783177, 3005563, 3173544, 1703559, 1893618, 2116008, 2338398, 2547655, 2754211, 3053576, 3121317, 1753441, 1900601, 2116008, 2317993, 2464320, 1553813, 1696045, 1896364, 2116008, 2301305, 1505058, 1671228, 1893618, 2109388, 2257879, 1556442, 1702592, 1893218, 2031966, 1884746], [512746, 662926, 894120, 1006898, 1870749, 1933345, 960, 150139, 519170, 660680, 878387, 1020578, 1329805, 1540535, 1783382, 1963104, 2106875, 125671, 0, 205016, 439007, 655997, 878387, 1100714, 1323167, 1545557, 1767947, 1989405, 2183267, 2351131, 15184, 211218, 433607, 655997, 878387, 1100777, 1323167, 1545557, 1767947, 1990336, 2212726, 2431572, 2629219, 2846773, 3000358, 350984, 215546, 3309, 211218, 433607, 655997, 878387, 1100777, 1323167, 1545557, 1767947, 1990336, 2212726, 2435116, 2657368, 2879427, 3102268, 3304782, 3459494, 4054541, 404845, 233561, 11171, 211218, 433607, 655997, 878387, 1100777, 1323167, 1545557, 1767947, 1990336, 2212726, 2435116, 2657506, 2879896, 3102286, 3324676, 3542005, 3705714, 438945, 233561, 11171, 211218, 433607, 655997, 878387, 1100777, 1323167, 1545557, 1767947, 1990336, 2212726, 2435116, 2657506, 2879896, 3102286, 3324676, 3547065, 3719833, 396632, 222268, 11347, 197733, 447483, 655997, 878387, 1100777, 1323167, 1545557, 1767947, 1990336, 2212726, 2435116, 2657506, 2879896, 3102286, 3324676, 3541128, 3694941, 157120, 12394, 480339, 658783, 878387, 1100777, 1323167, 1545557, 1767947, 1990336, 2212726, 2435116, 2657506, 2879896, 3102286, 3324195, 3475982, 722045, 901419, 1100777, 1323167, 1545557, 1767947, 1990336, 2212726, 2435116, 2657506, 2879896, 3102286, 3271737, 972541, 1105873, 1323167, 1545557, 1767947, 1990336, 2212726, 2435116, 2657506, 2879896, 3102286, 3269427, 1189144, 1333721, 1545557, 1767947, 1990336, 2212726, 2435116, 2657506, 2879896, 3102286, 3252398, 1205509, 1326775, 1545557, 1767947, 1990336, 2212726, 2435116, 2657506, 2879896, 3095938, 3227750, 4399376, 1211228, 1328987, 1548597, 1767947, 1990336, 2212726, 2435116, 2657506, 2879891, 3047872, 1577888, 1767947, 1990336, 2212726, 2421984, 2628540, 2927904, 2995645, 1627770, 1774930, 1990336, 2192322, 2338649, 1428142, 1570373, 1770693, 1990336, 2175634, 1379387, 1545557, 1767947, 1983717, 2132208, 1430770, 1576920, 1767546, 1906294, 1759074], [307729, 457909, 689103, 801882, 1665732, 1728328, 204056, 54876, 314153, 455663, 673370, 815561, 1124788, 1335518, 1578365, 1758087, 1901859, 330688, 205016, 0, 233990, 450981, 673370, 895697, 1118150, 1340540, 1562930, 1784388, 1978251, 2146114, 189831, 6201, 228591, 450981, 673370, 895760, 1118150, 1340540, 1562930, 1785320, 2007710, 2226556, 2424202, 2641756, 2795341, 556001, 420563, 208325, 6201, 228591, 450981, 673370, 895760, 1118150, 1340540, 1562930, 1785320, 2007710, 2230099, 2452351, 2674410, 2897251, 3099765, 3254477, 3849524, 609861, 438578, 216188, 6201, 228591, 450981, 673370, 895760, 1118150, 1340540, 1562930, 1785320, 2007710, 2230099, 2452489, 2674879, 2897269, 3119659, 3336988, 3500697, 643962, 438578, 216188, 6201, 228591, 450981, 673370, 895760, 1118150, 1340540, 1562930, 1785320, 2007710, 2230099, 2452489, 2674879, 2897269, 3119659, 3342049, 3514817, 601649, 427285, 216364, 7283, 242467, 450981, 673370, 895760, 1118150, 1340540, 1562930, 1785320, 2007710, 2230099, 2452489, 2674879, 2897269, 3119659, 3336111, 3489925, 362137, 217411, 275323, 453766, 673370, 895760, 1118150, 1340540, 1562930, 1785320, 2007710, 2230099, 2452489, 2674879, 2897269, 3119178, 3270965, 517028, 696402, 895760, 1118150, 1340540, 1562930, 1785320, 2007710, 2230099, 2452489, 2674879, 2897269, 3066720, 767525, 900856, 1118150, 1340540, 1562930, 1785320, 2007710, 2230099, 2452489, 2674879, 2897269, 3064410, 984127, 1128705, 1340540, 1562930, 1785320, 2007710, 2230099, 2452489, 2674879, 2897269, 3047381, 1000493, 1121758, 1340540, 1562930, 1785320, 2007710, 2230099, 2452489, 2674879, 2890921, 3022734, 4194359, 1006211, 1123970, 1343580, 1562930, 1785320, 2007710, 2230099, 2452489, 2674875, 2842856, 1372871, 1562930, 1785320, 2007710, 2216967, 2423523, 2722887, 2790629, 1422753, 1569913, 1785320, 1987305, 2133632, 1223125, 1365356, 1565676, 1785320, 1970617, 1174370, 1340540, 1562930, 1778700, 1927191, 1225753, 1371904, 1562530, 1701277, 1554058], [73738, 223918, 455113, 567891, 1431741, 1494337, 438046, 288867, 80162, 221672, 439380, 581570, 890798, 1101528, 1344374, 1524096, 1667868, 564678, 439007, 233990, 0, 216990, 439380, 661706, 884159, 1106549, 1328939, 1550397, 1744260, 1912123, 423822, 227789, 5399, 216990, 439380, 661769, 884159, 1106549, 1328939, 1551329, 1773719, 1992565, 2190212, 2407766, 2561350, 789992, 654554, 442316, 227789, 5399, 216990, 439380, 661769, 884159, 1106549, 1328939, 1551329, 1773719, 1996109, 2218361, 2440419, 2663260, 2865774, 3020486, 3615534, 843852, 672569, 450179, 227789, 5399, 216990, 439380, 661769, 884159, 1106549, 1328939, 1551329, 1773719, 1996109, 2218498, 2440888, 2663278, 2885668, 3102997, 3266706, 877952, 672569, 450179, 227789, 5399, 216990, 439380, 661769, 884159, 1106549, 1328939, 1551329, 1773719, 1996109, 2218498, 2440888, 2663278, 2885668, 3108058, 3280826, 835639, 661276, 450355, 241274, 8476, 216990, 439380, 661769, 884159, 1106549, 1328939, 1551329, 1773719, 1996109, 2218498, 2440888, 2663278, 2885668, 3102120, 3255934, 596128, 451402, 41332, 219775, 439380, 661769, 884159, 1106549, 1328939, 1551329, 1773719, 1996109, 2218498, 2440888, 2663278, 2885188, 3036974, 283037, 462411, 661769, 884159, 1106549, 1328939, 1551329, 1773719, 1996109, 2218498, 2440888, 2663278, 2832729, 533534, 666865, 884159, 1106549, 1328939, 1551329, 1773719, 1996109, 2218498, 2440888, 2663278, 2830420, 