[[0, 150473, 381531, 494189, 1358222, 1420610, 521655, 375654, 114227, 166488, 374077, 519794, 826029, 1033650, 1275085, 1453728, 1600075, 657445, 536362, 349430, 187778, 226265, 408001, 616934, 832872, 1051483, 1271396, 1491137, 1688771, 1858375, 554908, 394296, 275780, 309025, 462379, 656467, 864268, 1077880, 1294429, 1512655, 1731923, 1948869, 2148160, 2368906, 2522582, 930533, 807982, 614186, 458618, 367929, 399024, 530920, 709463, 907528, 1114757, 1326863, 1541834, 1758620, 1976623, 2195365, 2414559, 2635545, 2838990, 2998849, 3581162, 996929, 846392, 670631, 530901, 461203, 492244, 608805, 773127, 961015, 1161084, 1368000, 1579073, 1792836, 2008428, 2225320, 2443163, 2661724, 2880840, 3096596, 3260849, 1056088, 888785, 728439, 608255, 554967, 587084, 692829, 844997, 1023080, 1215742, 1417048, 1623786, 1834121, 2046942, 2261548, 2477475, 2694404, 2912111, 3130434, 3299926, 1048839, 922679, 791657, 684060, 644472, 682796, 780945, 923100, 1092209, 1277614, 1473175, 1675337, 1881975, 2091762, 2303837, 2517621, 2732713, 2948825, 3158903, 3299886, 915374, 829982, 733105, 778207, 871842, 1005918, 1167090, 1345655, 1535557, 1733073, 1935873, 2142455, 2351824, 2563294, 2776386, 2990139, 3128873, 858313, 959477, 1092312, 1246622, 1418918, 1603412, 1796348, 1995278, 2198574, 2405129, 2614169, 2825141, 2985961, 1092341, 1177015, 1329904, 1496575, 1676017, 1864545, 2059664, 2259667, 2463363, 2669906, 2878681, 3036566, 1296138, 1421399, 1577910, 1752720, 1937086, 2128527, 2325292, 2526138, 2730163, 2936701, 3071395, 1452494, 1508306, 1662315, 1832942, 2013442, 2201387, 2395023, 2593073, 2794598, 2991584, 3098511, 4245827, 1538550, 1587590, 1750332, 1916171, 2093129, 2277800, 2468452, 2663800, 2862817, 3005889, 1848321, 2001962, 2175714, 2357357, 2527521, 2690320, 2945396, 3004279, 1963157, 2093490, 2260807, 2419369, 2506726, 1986462, 2059652, 2182775, 2348065, 2492999, 2007422, 2114808, 2271049, 2427109, 2516753, 2087809, 2201437, 2357780, 2430601, 2423912], [150473, 0, 232159, 344358, 1207901, 1270429, 668733, 520924, 179440, 68636, 226842, 372294, 676507, 883480, 1124716, 1303283, 1449746, 803213, 680282, 485275, 279686, 169882, 277843, 473736, 685961, 903079, 1122253, 1341582, 1539440, 1709083, 691853, 516919, 347653, 270877, 353187, 524369, 723905, 933793, 1148371, 1365428, 1583947, 1800436, 1999686, 2220519, 2374087, 1071589, 945746, 744652, 568417, 425768, 371834, 440506, 590451, 775901, 976838, 1185413, 1398212, 1613565, 1830569, 2048587, 2267238, 2487846, 2691194, 2851318, 3432421, 1137296, 982058, 794414, 629668, 510492, 472712, 533896, 667357, 839297, 1030634, 1232366, 1440130, 1651652, 1865654, 2081370, 2298318, 2516178, 2734732, 2950130, 3114268, 1194576, 1019941, 845256, 698057, 598964, 573481, 630596, 751712, 911668, 1093551, 1288106, 1490377, 1697608, 1908184, 2121108, 2335737, 2551641, 2768521, 2986164, 3155173, 1183683, 1049243, 902136, 769624, 682306, 674113, 729218, 841212, 990991, 1164060, 1351500, 1548100, 1750775, 1957640, 2167494, 2379546, 2593256, 2808245, 3017334, 3157045, 1034667, 937278, 762955, 773211, 828998, 934307, 1075664, 1240808, 1421473, 1612449, 1810475, 2013472, 2220075, 2429364, 2640699, 2853003, 2990244, 844817, 919757, 1029948, 1164451, 1322648, 1497045, 1682612, 1876036, 2075121, 2278381, 2484791, 2693627, 2852993, 1051161, 1121818, 1256407, 1408623, 1577348, 1757835, 1946812, 2142034, 2341937, 2545417, 2751681, 2907943, 1238949, 1355033, 1497952, 1661632, 1837434, 2022198, 2213680, 2410277, 2610833, 2814499, 2947051, 1405669, 1450294, 1589994, 1749249, 1920801, 2101637, 2289557, 2482952, 2680635, 2874379, 2978437, 4118656, 1497225, 1535536, 1685021, 1839652, 2007396, 2184621, 2369198, 2559535, 2754370, 2893997, 1787392, 1932372, 2096747, 2270693, 2434322, 2590858, 2839217, 2896786, 1905431, 2030134, 2188444, 2339520, 2419754, 1950695, 2014455, 2126243, 2282124, 2420203, 1977701, 2075558, 2220764, 2367325, 2449637, 2057860, 2164562, 2313124, 2378093, 2384096], [381531, 232159, 0, 112905, 977401, 1039403, 900803, 752715, 397443, 250960, 96519, 180785, 457859, 659137, 898071, 1075452, 1223139, 1034918, 911455, 713736, 494673, 308891, 203902, 294383, 480149, 688003, 902792, 1119661, 1318186, 1487762, 919635, 737983, 544639, 384031, 311711, 381684, 541329, 734320, 940346, 1152437, 1367774, 1582270, 1781124, 2002031, 2155097, 1300819, 1173170, 968131, 779936, 604514, 470474, 419555, 479039, 617820, 795421, 991191, 1196242, 1406521, 1619992, 1835436, 2052141, 2271358, 2474243, 2635070, 3212049, 1366019, 1207986, 1012732, 831089, 674152, 562976, 527343, 581317, 704596, 868142, 1053363, 1250665, 1455143, 1664152, 1876178, 2090304, 2305944, 2522709, 2736921, 2900617, 1421978, 1242459, 1057565, 889813, 750785, 658921, 635030, 686248, 798247, 949762, 1124937, 1314346, 1512650, 1716769, 1924854, 2135745, 2348685, 2563164, 2778825, 2946428, 1408480, 1268003, 1108371, 955437, 822222, 756927, 742579, 792704, 896550, 1038121, 1204182, 1385957, 1578026, 1777052, 1980939, 2188328, 2398310, 2610258, 2816688, 2953139, 1247376, 1140218, 889187, 854102, 849962, 900062, 998057, 1131573, 1289622, 1464282, 1650285, 1844203, 2043782, 2247513, 2454362, 2662960, 2796558, 909558, 940691, 1007951, 1101804, 1228883, 1380041, 1548239, 1728509, 1917448, 2112731, 2312749, 2516373, 2672207, 1063912, 1108728, 1207131, 1329129, 1474451, 1636896, 1811863, 1996061, 2187156, 2383489, 2583865, 2736318, 1218795, 1315992, 1431613, 1572059, 1729461, 1899608, 2079371, 2266462, 2459206, 2656373, 2784186, 1398706, 1423607, 1535805, 1672227, 1825266, 1991093, 2166772, 2350092, 2539397, 2726061, 2824107, 3947883, 1497337, 1517231, 1641617, 1774441, 1923751, 2085756, 2257722, 2437539, 2623518, 2755989, 1750056, 1878284, 2024445, 2183106, 2333690, 2477735, 2712338, 2767190, 1872018, 1985738, 2126954, 2263637, 2330556, 1952827, 2000601, 2092435, 2230944, 2356119, 1989119, 2070702, 2196467, 2325921, 2395145, 2068030, 2162625, 2297254, 2348775, 2375490], [494189, 344358, 112905, 0, 864496, 926544, 1012418, 863974, 504458, 357326, 157686, 126506, 350873, 548091, 785920, 962916, 1110882, 1145957, 1022019, 822737, 599446, 401291, 238690, 227702, 381432, 581437, 793428, 1009020, 1207653, 1377112, 1027888, 843322, 642659, 462238, 336376, 333868, 456749, 636085, 836315, 1045502, 1259189, 1472734, 1671337, 1892184, 2045024, 1409645, 1280895, 1073930, 880901, 694986, 537392, 439706, 443462, 546572, 706817, 893982, 1094342, 1301817, 1513485, 1727700, 1943530, 2162145, 2364804, 2525841, 3101327, 1474447, 1314764, 1115806, 927426, 757557, 621566, 545413, 554333, 644806, 789267, 963737, 1154692, 1355180, 1561534, 1771705, 1984480, 2199103, 2415081, 2628776, 2792265, 1529480, 1347243, 1157584, 981584, 828001, 711501, 652270, 665770, 748075, 880088, 1043104, 1224805, 1418025, 1618645, 1824225, 2033259, 2244782, 2458151, 2672924, 2839919, 1514371, 1370713, 1205323, 1044113, 893221, 805199, 759712, 777449, 854481, 976881, 1129999, 1303052, 1489105, 1683853, 1884603, 2089623, 2297771, 2508267, 2713473, 2848537, 1347023, 1235492, 953205, 899026, 867443, 889197, 962906, 1077964, 1222754, 1388000, 1567245, 1756207, 1952065, 2152937, 2357540, 2564330, 2696270, 945968, 955968, 1000906, 1072656, 1182162, 1320061, 1478429, 1651384, 1834807, 2025854, 2222559, 2423544, 2577635, 1072860, 1104321, 1183278, 1288640, 1420913, 1573324, 1740589, 1918826, 2105250, 2297866, 2495239, 2645784, 1209303, 1295954, 1396792, 1524527, 1671852, 1834051, 2007521, 2189583, 2378261, 2572099, 2697574, 1393618, 1408578, 1506173, 1630295, 1773331, 1931082, 2100232, 2278241, 2463187, 2646231, 2741358, 3856805, 1494769, 1505477, 1616531, 1737741, 1877204, 2031094, 2196378, 2370673, 2552051, 2680925, 1727234, 1846487, 1983012, 2133591, 2277365, 2415021, 2642586, 2696060, 1850399, 1958149, 2090378, 2219535, 2279774, 1948129, 1987866, 2069526, 2198988, 2317439, 1988752, 2062014, 2177751, 2298375, 2360997, 2066668, 2154944, 2282242, 2327027, 2363722], [1358222, 1207901, 977401, 864496, 0, 66418, 1872390, 1723203, 1356195, 1211878, 994717, 856732, 553471, 345789, 130962, 127592, 271285, 2003352, 1878123, 1674892, 1443297, 1228626, 1010401, 794572, 583367, 385146, 235020, 246735, 408612, 561741, 1875388, 1683128, 1466440, 1251712, 1040161, 834206, 639281, 469334, 361502, 374042, 497942, 673221, 858901, 1073126, 1220159, 2256570, 2124001, 1911557, 1704826, 1493228, 1285203, 1082813, 889911, 714227, 571858, 492589, 506941, 608322, 762788, 944588, 1140617, 1346851, 1543978, 1705849, 2261037, 2319208, 2153534, 1942030, 1733160, 1528004, 1328285, 1136874, 958760, 802844, 684466, 625324, 642001, 729315, 866161, 1033038, 1217661, 1413091, 1615410, 1820281, 1979802, 2369666, 2177017, 1970537, 1767784, 1570205, 1380023, 1200760, 1038090, 901045, 802858, 758767, 778024, 856366, 979720, 1133484, 1306968, 1493314, 1688268, 1889166, 2047236, 2347281, 2191028, 2004211, 1815017, 1605234, 1439441, 1272943, 1125628, 1005961, 924739, 892520, 914500, 987063, 1100247, 1243003, 1406354, 1583941, 1771485, 1958613, 2076398, 2154167, 2026311, 1630270, 1502393, 1352038, 1219544, 1115626, 1048814, 1026380, 1051170, 1120053, 1225615, 1359339, 1513777, 1683237, 1862903, 1973404, 1502556, 1407443, 1318405, 1228691, 1174304, 1160223, 1187882, 1254524, 1354405, 1480814, 1627580, 1789701, 1919096, 1463449, 1410237, 1344218, 1300714, 1293966, 1324535, 1389961, 1485645, 1606188, 1746447, 1902066, 2026574, 1459070, 1456328, 1427713, 1427548, 1461056, 1526021, 1618658, 1734537, 1869340, 2019278, 2115833, 1635297, 1580789, 1555065, 1560918, 1597389, 1662462, 1752953, 1865166, 1995437, 2133380, 2195791, 3202375, 1736371, 1683383, 1680910, 1694035, 1733484, 1799106, 1888171, 1997545, 2123982, 2211855, 1792188, 1826858, 1869300, 1935818, 2007077, 2076687, 2225191, 2262975, 1908352, 1957951, 2004800, 2059515, 2057664, 2118129, 2096090, 2093459, 2139946, 2193737, 2185106, 2192297, 2223224, 2265415, 2270476, 2248786, 2284051, 2346586, 2336674, 2445838], [1420610, 1270429, 1039403, 926544, 66418, 0, 1935891, 1786768, 1420256, 1275553, 1058674, 921513, 619289, 412130, 192179, 114915, 234090, 2067251, 1942130, 1739170, 1507928, 1293610, 1075867, 860584, 649781, 450423, 287079, 246599, 381129, 523950, 1940102, 1748154, 1531866, 1317566, 1106411, 900616, 704890, 530500, 405942, 383337, 477393, 637736, 817617, 1028601, 1173520, 2321461, 2189074, 1976808, 1770440, 1559224, 1351515, 1149219, 955778, 777829, 628667, 533034, 521275, 598355, 736905, 909199, 1099375, 1301903, 1497178, 1658822, 2208699, 2384249, 2218831, 2007702, 1799189, 1594319, 1394699, 1202947, 1023495, 864043, 737677, 663575, 659594, 726888, 848667, 1005323, 1183080, 1373772, 1572699, 1775305, 1933720, 2434962, 2242667, 2036539, 1834071, 1636623, 1446254, 1266163, 1101404, 959904, 853316, 795794, 798020, 859530, 969100, 1112621, 1278710, 1459684, 1650653, 1848521, 2004648, 2412874, 2256945, 2070439, 1881408, 1671569, 1505280, 1337474, 1187441, 1062737, 973150, 928896, 936425, 994562, 1095277, 1228139, 1383919, 1555747, 1738871, 1922508, 2037202, 2220324, 2092625, 1696321, 1567689, 1415600, 1279906, 1170635, 1095724, 1062465, 1074734, 1131048, 1225350, 1349700, 1496626, 1660144, 1835096, 1942076, 1567029, 1469909, 1377434, 1282244, 1220131, 1196261, 1212893, 1268435, 1358121, 1475738, 1615195, 1771339, 1896848, 1523820, 1468073, 1396593, 1345777, 1330125, 1350860, 1406373, 1492789, 1605122, 1738355, 1888066, 2008770, 1514271, 1507495, 1472258, 1463951, 1488599, 1544627, 1628798, 1737025, 1865122, 2009291, 2102048, 1688757, 1631399, 1599287, 1597655, 1626077, 1683029, 1765753, 1870831, 1994731, 2127155, 2185703, 3176762, 1789135, 1733457, 1724873, 1731175, 1763262, 1821455, 1903361, 2006074, 2126470, 2209774, 1835287, 1864455, 1900122, 1959806, 2024651, 2087877, 2228149, 2264211, 1950195, 1995843, 2036630, 2085541, 2078858, 2165099, 2139730, 2132020, 2172754, 2221629, 2233153, 2236691, 2262407, 2299287, 2300330, 2295782, 2327934, 2386323, 2372998, 2486215], [521655, 668733, 900803, 1012418, 1872390, 1935891, 0, 149273, 518217, 660583, 878116, 1019647, 1328847, 1539659, 1782564, 1962400, 2105916, 137432, 51407, 211373, 441826, 657459, 879361, 1101404, 1323655, 1545906, 1768191, 1989573, 2184668, 2353321, 132315, 250256, 455102, 671199, 890392, 1110851, 1331947, 1553407, 1775096, 1996938, 2218886, 2437568, 2636342, 2855765, 3009719, 420490, 316466, 211545, 303694, 489033, 696387, 910843, 1128359, 1347453, 1567465, 1788054, 2009032, 2230281, 2451730, 2673199, 2894602, 3117149, 3320632, 3478389, 4067891, 487881, 362291, 289934, 368395, 534989, 731819, 940080, 1153597, 1369915, 1587890, 1806922, 2026668, 2246918, 2467538, 2688436, 2909548, 3130830, 3352247, 3569402, 3733896, 552067, 423107, 369630, 439359, 590127, 776059, 977286, 1186048, 1398976, 1614423, 1831499, 2049687, 2268666, 2488226, 2708227, 2928568, 3149178, 3370004, 3591005, 3762522, 558147, 476001, 449172, 498529, 659227, 827654, 1021556, 1225108, 1434208, 1646743, 1861537, 2077890, 2295359, 2513656, 2732581, 2951994, 3171794, 3391905, 3605742, 3752487, 504860, 494260, 743072, 886503, 1071973, 1270131, 1475135, 1684487, 1896749, 2111042, 2326804, 2543661, 2761356, 2979703, 3198568, 3417285, 3562003, 974490, 1136805, 1320464, 1521259, 1727265, 1936819, 2148884, 2362782, 2578056, 2794389, 3011551, 3229375, 3395083, 1256536, 1375124, 1572080, 1774672, 1981417, 2191138, 2403056, 2616637, 2831503, 3047382, 3264073, 3427230, 1489936, 1635057, 1826304, 2030201, 2237516, 2447379, 2659187, 2872507, 3087026, 3302509, 3444463, 1601390, 1689655, 1881764, 2082834, 2287725, 2495495, 2705480, 2917200, 3130302, 3337408, 3454429, 4623063, 1663591, 1744729, 1942568, 2138982, 2341471, 2547144, 2755286, 2965375, 3176982, 3331253, 2021601, 2198324, 2398469, 2602069, 2791635, 2974013, 3250046, 3313099, 2120926, 2265516, 2458438, 2638825, 2749216, 2068954, 2171198, 2328523, 2521112, 2686106, 2068433, 2203975, 2392533, 2576726, 2689506, 2146257, 2279301, 2457209, 2554974, 2504667], [375654, 520924, 752715, 863974, 1723203, 1786768, 149273, 0, 369134, 511352, 728851, 870440, 1179671, 1390430, 1633323, 1813145, 1956757, 282297, 161038, 83016, 296117, 509890, 731247, 953032, 1175129, 1397283, 1619500, 1840835, 2036190, 2204976, 195021, 157587, 321225, 529562, 746045, 965209, 1185568, 1406560, 1627928, 1849536, 2071308, 2289888, 2488787, 2708432, 2862394, 556458, 438941, 270775, 239091, 371706, 563949, 772517, 987117, 1204528, 1423463, 1643314, 1863755, 2084599, 2305732, 2526949, 2748147, 2970560, 3174096, 3332184, 3920830, 623340, 480630, 343789, 322818, 434818, 610539, 809495, 1018156, 1231599, 1447710, 1665450, 1884256, 2103793, 2323855, 2544306, 2765052, 2986027, 3207184, 3424201, 3588707, 684388, 531467, 418089, 407339, 505805, 666737, 855584, 1057495, 1266235, 1478916, 1694054, 1910818, 2128712, 2347421, 2566736, 2786515, 3006654, 3227080, 3447738, 3618989, 682416, 574944, 494750, 479500, 586055, 730280, 909357, 1104210, 1307804, 1516624, 1728776, 1943170, 2159136, 2376247, 2594213, 2812837, 3031975, 3251523, 3464817, 3610628, 585936, 539151, 676349, 800140, 969489, 1157365, 1355630, 1560327, 1769226, 1980998, 2194809, 2410118, 2626554, 2843861, 3061853, 3279815, 3423521, 889067, 1040816, 1216068, 1409031, 1609499, 1814985, 2023961, 2235448, 2448795, 2663554, 2879409, 3096130, 3261039, 1165793, 1278209, 1467351, 1663608, 1865619, 2071702, 2280752, 2492021, 2704990, 2919285, 3134633, 3296894, 1395404, 1537357, 1722141, 1920698, 2123855, 2330408, 2539526, 2750625, 2963279, 3177176, 3317777, 1518837, 1600047, 1784609, 1979802, 2180058, 2384100, 2591033, 2800215, 3011175, 3216397, 3331394, 4496506, 1587620, 1661486, 1852262, 2042527, 2239955, 2441515, 2646263, 2853510, 3062700, 3214729, 1936407, 2108493, 2303203, 2502345, 2687936, 2866238, 3138041, 3200258, 2040168, 2181986, 2369479, 2545241, 2650476, 2007239, 2102501, 2251894, 2438474, 2599109, 2012446, 2141323, 2322427, 2500211, 2607579, 2091457, 2220066, 2393158, 2484846, 2445777], [114227, 179440, 397443, 504458, 1356195, 1420256, 518217, 369134, 0, 147135, 361608, 501551, 810661, 1021587, 1264531, 1444448, 1587706, 647262, 521933, 319390, 100265, 148876, 364300, 584912, 806567, 1028512, 1250614, 1471879, 1667548, 1836512, 523533, 340869, 174390, 208632, 394383, 605346, 822341, 1041604, 1261955, 1482908, 1704229, 1922550, 2121638, 2341655, 2495602, 905489, 776444, 570717, 389081, 261652, 290522, 446327, 642554, 851708, 1066209, 1283377, 1502058, 1721674, 1941907, 2162447, 2383119, 2605185, 2808774, 2967491, 3554365, 970073, 810676, 617139, 450933, 353041, 380462, 513500, 693851, 893304, 1101531, 1314369, 1529894, 1747112, 1965462, 2184603, 2404320, 2624468, 2844946, 3061578, 3226053, 1025082, 845295, 666250, 521545, 445964, 473829, 590677, 756333, 945481, 1146553, 1354247, 1565931, 1780181, 1996172, 2213393, 2431514, 2650313, 2869635, 3089367, 3259928, 1011036, 872361, 722697, 594714, 534360, 568869, 674372, 827418, 1006550, 1200142, 1402219, 1609586, 1820437, 2033688, 2248656, 2464891, 2682086, 2900025, 3111832, 3255365, 855849, 757962, 621623, 664033, 762374, 905023, 1074945, 1261163, 1457444, 1660222, 1867381, 2077611, 2290065, 2504176, 2719553, 2935319, 3076389, 744460, 848999, 987547, 1149301, 1328540, 1519086, 1717179, 1920484, 2127507, 2337258, 2549065, 2762452, 2925026, 981815, 1069727, 1228474, 1401299, 1586345, 1779802, 1979205, 2182925, 2389856, 2599231, 2810502, 2970097, 1189127, 1317045, 1478584, 1658479, 1847462, 2043012, 2243411, 2447466, 2654335, 2863404, 3000149, 1342536, 1401116, 1559656, 1734820, 1919570, 2111389, 2308516, 2509698, 2714031, 2913577, 3023012, 4176846, 1427371, 1478681, 1645033, 1814771, 1995582, 2183851, 2377807, 2576163, 2777918, 2923464, 1741519, 1897809, 2075005, 2259943, 2433302, 2599571, 2858806, 2918567, 1855319, 1987174, 2157394, 2318788, 2409313, 1874063, 1948803, 2074436, 2242353, 2389550, 1894260, 2002875, 2161139, 2319489, 2411304, 1974645, 2089107, 2246675, 2321112, 2311944], [166488, 68636, 250960, 357326, 1211878, 1275553, 660583, 511352, 147135, 0, 217707, 361240, 670232, 880198, 1122855, 1302456, 1446977, 791828, 666994, 465891, 243746, 101278, 241513, 453083, 671706, 892176, 1113407, 1334108, 1530881, 1700261, 670602, 487072, 299391, 202267, 301778, 490009, 698591, 913690, 1131597, 1350954, 1571152, 1788771, 1988051, 2208559, 2362390, 1052474, 923579, 717371, 530292, 370355, 303243, 381562, 545951, 741198, 948434, 1161257, 1377079, 1594684, 1813429, 2032827, 2252598, 2474034, 2677575, 2837039, 3421238, 1117157, 957696, 761938, 585404, 451252, 404154, 470994, 615720, 796975, 994992, 1201511, 1412810, 1627025, 1843142, 2060560, 2278908, 2497941, 2717494, 2933555, 3097902, 1172206, 991525, 808102, 649341, 537555, 504971, 565451, 695112, 863328, 1051759, 1251305, 1457408, 1667638, 1880611, 2095490, 2311744, 2529020, 2747074, 2965735, 3135503, 1157802, 1017237, 861162, 718725, 619086, 605668, 662718, 781136, 937961, 1117132, 1309509, 1510052, 1715901, 1925353, 2137349, 2351200, 2566442, 2782752, 2993071, 3134484, 997957, 894506, 698012, 704824, 761644, 871763, 1018995, 1189640, 1375007, 1569890, 1771149, 1976838, 2185704, 2396918, 2609908, 2823659, 2962487, 776190, 852212, 965625, 1104958, 1268000, 1446756, 1636083, 1832707, 2034512, 2240098, 2448512, 2659087, 2819702, 983871, 1056373, 1194715, 1351129, 1523813, 1707838, 1899910, 2097820, 2300059, 2505578, 2713631, 2871113, 1173932, 1291825, 1438132, 1605351, 1784426, 1972128, 2166215, 2365115, 2567706, 2773180, 2907156, 1339256, 1385571, 1528275, 1690653, 1865187, 2048770, 2239177, 2434806, 2634491, 2830048, 2935808, 4080813, 1430218, 1469911, 1621808, 1779108, 1949537, 2129297, 2316215, 2508690, 2705469, 2846811, 1723371, 1870194, 2036960, 2213219, 2379081, 2538014, 2789280, 2847462, 1840883, 1966676, 2127004, 2280056, 2362422, 1883286, 1948079, 2061566, 2219275, 2358938, 1909811, 2008517, 2155131, 2303290, 2387084, 1990001, 2097303, 2246754, 2312832, 2317179], [374077, 226842, 96519, 157686, 994717, 1058674, 878116, 728851, 361608, 217707, 0, 145749, 453154, 662628, 905194, 1084756, 1229461, 1008637, 883458, 680785, 451657, 245665, 107847, 248644, 459244, 677421, 897663, 1117846, 1315144, 1484687, 883383, 694747, 488273, 304997, 215669, 314451, 500123, 707278, 921541, 1138908, 1357888, 1574794, 1774086, 1994828, 2148507, 1265427, 1134758, 925243, 727728, 537680, 383982, 323441, 400769, 561646, 754392, 959998, 1171714, 1386745, 1603757, 1821928, 2040794, 2261612, 2465025, 2624992, 3207115, 1329305, 1167005, 963935, 771494, 599998, 472818, 431138, 496958, 637823, 815740, 1011340, 1216121, 1426132, 1639365, 1854708, 2071503, 2289337, 2507940, 2723406, 2887574, 1382572, 1196799, 1003270, 824289, 671590, 566828, 538734, 598209, 723985, 888332, 1073681, 1270877, 1475175, 1683992, 1895835, 2109793, 2325281, 2541909, 2759409, 2928356, 1365083, 1218170, 1049370, 886460, 738916, 663748, 646204, 702265, 816915, 969589, 1145177, 1334665, 1532908, 1736909, 1944857, 2155609, 2368417, 2582771, 2791385, 2930623, 1192299, 1078909, 802142, 760217, 753523, 807966, 914483, 1057452, 1224167, 1406208, 1598345, 1797344, 2001156, 2208450, 2418328, 2629544, 2765807, 814118, 844317, 914661, 1015276, 1150340, 1309236, 1484328, 1670531, 1864518, 2064094, 2267783, 2474569, 2632638, 967943, 1014715, 1118344, 1247059, 1399207, 1567981, 1748572, 1937678, 2133034, 2333069, 2536675, 2691313, 1125758, 1225735, 1346706, 1493124, 1656263, 1831660, 2016117, 2207362, 2403773, 2604181, 2734457, 1304541, 1331736, 1448597, 1590212, 1748403, 1919074, 2099182, 2286495, 2479380, 2669262, 2770152, 3902754, 1402645, 1424426, 1552612, 1689848, 1843750, 2010181, 2186280, 2369891, 2559325, 2694747, 1660184, 1791526, 1941755, 2104429, 2258880, 2407024, 2646680, 2702599, 1781664, 1897299, 2041956, 2182033, 2252450, 1858298, 1907723, 2002339, 2143964, 2271873, 1893887, 1976894, 2105054, 2237243, 2308935, 1972922, 2068581, 2204805, 2258179, 2282238], [519794, 372294, 180785, 126506, 856732, 921513, 1019647, 870440, 501551, 361240, 145749, 0, 309294, 520037, 762979, 942911, 1086374, 1148447, 1022894, 818865, 586614, 372311, 162168, 113611, 313676, 531793, 752412, 972925, 1169921, 1339399, 1018656, 826807, 612674, 407448, 235675, 209658, 362290, 563415, 776211, 993205, 1212143, 1429107, 1628403, 1849125, 2002823, 1399953, 1267756, 1056046, 852506, 649606, 464811, 330075, 317315, 437342, 616998, 817891, 1027639, 1241764, 1458339, 1676301, 1895074, 2115865, 2319276, 2479253, 3061477, 1462864, 1298166, 1089924, 888486, 699752, 537284, 431820, 427829, 527618, 687385, 874866, 1075665, 1283547, 1495562, 1710172, 1926510, 2144053, 2362467, 2577836, 2741976, 1514231, 1324336, 1123977, 933524, 760460, 619532, 536684, 539377, 626511, 769930, 944329, 1135522, 1336320, 1542977, 1753422, 1966439, 2181274, 2397438, 2614602, 2783336, 1493881, 1342069, 1164791, 990192, 817143, 708094, 643069, 651354, 730460, 861083, 1023690, 1205404, 1398799, 1599643, 1805451, 2014702, 2226425, 2439976, 2647950, 2786476, 1311228, 1191436, 868819, 798232, 750252, 763492, 837510, 958324, 1110768, 1283621, 1469699, 1664573, 1865486, 2070682, 2279002, 2489027, 2624204, 838748, 837387, 875646, 946530, 1059905, 1203824, 1368685, 1547811, 1736791, 1932737, 2133729, 2338466, 2495228, 951512, 979407, 1056830, 1164615, 1301506, 1459336, 1632038, 1815373, 2006427, 2203191, 2404262, 2557342, 1083499, 1169448, 1271601, 1402774, 1554526, 1721421, 1899471, 2085820, 2278430, 2475840, 2604042, 1268334, 1282203, 1380251, 1506826, 1653398, 1815129, 1988321, 2170230, 2358839, 2545279, 2643410, 3768965, 1369862, 1379311, 1490215, 1613042, 1755255, 1912455, 2081247, 2259032, 2443771, 2575589, 1600807, 1720938, 1859526, 2012799, 2159584, 2300740, 2533023, 2587536, 1723936, 1832093, 1965746, 2096888, 2159520, 1822668, 1861544, 1943129, 2073530, 2193328, 1864017, 1936021, 2051245, 2172358, 2235938, 1941720, 2029044, 2155788, 2200593, 2237427], [826029, 676507, 457859, 350873, 553471, 619289, 1328847, 1179671, 810661, 670232, 453154, 309294, 0, 211362, 454215, 634275, 777094, 1457095, 1331452, 1127018, 893867, 677690, 457576, 241770, 79544, 230579, 445999, 665116, 862946, 1032597, 1324959, 1131472, 913493, 698277, 489483, 300796, 200611, 298149, 486233, 694862, 910015, 1125117, 1324190, 1545107, 1698437, 1705164, 1571965, 1358995, 1151464, 940075, 735148, 544036, 387734, 321761, 394402, 553540, 745714, 951106, 1162732, 1377616, 1594338, 1813807, 2016834, 2177501, 2756299, 1767226, 1600789, 1388599, 1180102, 977666, 785985, 615199, 487772, 442865, 503082, 639382, 814422, 1008221, 1211813, 1420995, 1633620, 1848500, 2064931, 2279063, 2442761, 1816890, 1623600, 1417376, 1216752, 1025021, 848238, 697856, 594268, 563882, 617598, 737258, 896843, 1078777, 1273518, 1476005, 1683444, 1894209, 2107302, 2322081, 2489211, 1793920, 1637671, 1452360, 1266580, 1067306, 919541, 788339, 704226, 684781, 735155, 842920, 989500, 1160276, 1346069, 1541458, 1743219, 1949374, 2158663, 2363139, 2497740, 1601705, 1475585, 1102300, 994883, 884179, 816171, 805536, 854419, 953712, 1089721, 1250521, 1427761, 1616040, 1811918, 2013179, 2217696, 2347949, 1012380, 957376, 929305, 926119, 974684, 1067963, 1195534, 1347695, 1517062, 1698496, 1888521, 2084787, 2236100, 1045367, 1033118, 1046502, 1095533, 1184590, 1305507, 1450336, 1612646, 1787681, 1972054, 2163377, 2310394, 1115734, 1165227, 1216707, 1302874, 1418593, 1557291, 1713393, 1882575, 2061616, 2248162, 2368947, 1304689, 1288390, 1338027, 1422314, 1534023, 1667653, 1818374, 1982292, 2156396, 2331030, 2419992, 3519391, 1409627, 1391687, 1458741, 1542554, 1651221, 1780709, 1926823, 2086070, 2255583, 2375819, 1573291, 1663330, 1769749, 1895895, 2020061, 2140344, 2349675, 2399734, 1697183, 1785153, 1889268, 1995658, 2037098, 1843729, 1858355, 1908282, 2009512, 2107472, 1896705, 1943253, 2027081, 2120219, 2163244, 1970031, 2037552, 2140930, 2165291, 2230870], [1033650, 883480, 659137, 548091, 345789, 412130, 1539659, 1390430, 1021587, 880198, 662628, 520037, 211362, 0, 242961, 422975, 566848, 1668295, 1542677, 1338320, 1105225, 889025, 668526, 449981, 238259, 100237, 249467, 461013, 659674, 829053, 1536274, 1342623, 1124124, 907494, 694484, 489840, 310565, 227663, 325703, 509123, 714985, 925924, 1124016, 1344716, 1497284, 1916306, 1782946, 1569778, 1361468, 1148324, 939422, 738370, 553785, 408629, 355092, 428969, 583739, 772205, 975019, 1184738, 1398153, 1615507, 1817758, 1979065, 2553235, 1978205, 1811424, 1598331, 1388089, 1182219, 983472, 797192, 634461, 517968, 482459, 544031, 676681, 847674, 1038234, 1239368, 1446673, 1657833, 1871546, 2083945, 2246943, 2027478, 1833349, 1625533, 1422025, 1224974, 1038064, 867875, 726256, 632695, 609732, 664722, 781379, 936943, 1115252, 1307027, 1507138, 1712664, 1921868, 2133668, 2298832, 2003812, 1846302, 1658546, 1469343, 1261799, 1101588, 947712, 825405, 750270, 736881, 788389, 893643, 1036395, 1203372, 1385845, 1578449, 1777892, 1982112, 2182518, 2312889, 1808666, 1680526, 1290039, 1169407, 1034525, 929486, 869459, 863880, 913745, 1010884, 1143309, 1300282, 1473981, 1659160, 1852379, 2050685, 2175753, 1176608, 1098335, 1036939, 989597, 990701, 1040098, 1131478, 1255709, 1404098, 1569808, 1747918, 1935005, 2080479, 1169880, 1136128, 1110291, 1117319, 1167037, 1254377, 1372174, 1513330, 1671940, 1843501, 2024723, 2165472, 1202982, 1228045, 1243707, 1294303, 1378881, 1491671, 1626815, 1779223, 1944841, 2120573, 2234169, 1388278, 1353708, 1369837, 1421719, 1504506, 1613446, 1743643, 1890709, 2051017, 2214370, 2294982, 3368096, 1492553, 1458026, 1494580, 1549157, 1630903, 1736935, 1863108, 2005622, 2161151, 2270931, 1609130, 1676518, 1757817, 1861709, 1966846, 2069378, 2258403, 2304465, 1731030, 1803555, 1885050, 1971802, 1996795, 1906576, 1905195, 1933043, 2012450, 2093441, 1966181, 1995679, 2057432, 2130079, 2158027, 2035710, 2089538, 2176116, 2186282, 2270579], [1275085, 1124716, 898071, 785920, 130962, 192179, 1782564, 1633323, 1264531, 1122855, 905194, 762979, 454215, 242961, 0, 180071, 325127, 1911252, 1785628, 1581232, 1348036, 1131666, 910672, 690659, 472600, 262144, 113986, 236295, 430855, 597619, 1778810, 1584840, 1365671, 1147720, 931842, 719903, 516776, 338702, 247478, 326552, 500891, 700807, 895822, 1115187, 1266239, 2158450, 2024828, 1811397, 1602161, 1387301, 1175194, 967654, 768390, 585908, 441530, 381320, 441201, 585412, 767823, 966974, 1174262, 1387934, 1588680, 1750487, 2318425, 2220063, 2052788, 1838596, 1626536, 1417568, 1213291, 1016536, 832654, 672294, 556187, 515177, 565835, 688208, 851933, 1037616, 1235395, 1440296, 1649666, 1859337, 2021161, 2268738, 2073546, 1863971, 1657632, 1455908, 1261014, 1076668, 909309, 770092, 676620, 648967, 695036, 802225, 950066, 1122613, 1310138, 1507061, 1710137, 1917413, 2079702, 2244142, 2085150, 1894810, 1702349, 1487545, 1317279, 1146235, 995440, 875421, 800150, 782647, 826591, 923247, 1058270, 1218975, 1396524, 1585267, 1781649, 1976000, 2100633, 2045643, 1915443, 1509419, 1377789, 1223574, 1088736, 985796, 925460, 916184, 959451, 1048778, 1173694, 1324165, 1492481, 1673263, 1862182, 1979982, 1375682, 1277751, 1187442, 1099623, 1051831, 1049548, 1093060, 1177299, 1294338, 1436179, 1596222, 1769535, 1906412, 1332653, 1279378, 1215852, 1178836, 1182710, 1227086, 1307848, 1418794, 1553471, 1706266, 1872749, 2004432, 1329050, 1328766, 1306204, 1315643, 1361319, 1439788, 1546063, 1674858, 1821401, 1981756, 2085411, 1506139, 1453582, 1433747, 1448319, 1495614, 1572683, 1675421, 1799435, 1940648, 2088384, 2157961, 3193986, 1607605, 1556543, 1559737, 1580710, 1629865, 1706222, 1806335, 1926502, 2063115, 2158991, 1671829, 1712790, 1763988, 1840174, 1921142, 2000972, 2163255, 2204007, 1789255, 1843376, 1897917, 1960660, 1966004, 1993731, 1974940, 1977952, 2031596, 2092022, 2059730, 2070324, 2106882, 2155549, 2165942, 2124311, 2162547, 2229524, 2223662, 2327994], [1453728, 1303283, 1075452, 962916, 127592, 114915, 1962400, 1813145, 1444448, 1302456, 1084756, 942911, 634275, 422975, 180071, 0, 150563, 2091262, 1965650, 1761286, 1528107, 1311725, 1090641, 870304, 651117, 435352, 232403, 131904, 281203, 437336, 1958843, 1764789, 1545409, 1327009, 1110167, 896016, 687077, 490061, 327264, 269999, 370882, 547354, 735724, 951984, 1100703, 2338360, 2204646, 1991125, 1781533, 1565989, 1352612, 1142617, 938279, 744272, 571221, 444325, 409068, 485828, 635217, 818323, 1016973, 1225695, 1424292, 1586249, 2147355, 2399865, 2232398, 2017746, 1804899, 1594581, 1387942, 1186907, 994878, 818222, 669226, 570011, 548301, 612395, 740334, 905446, 1090983, 1288148, 1492339, 1698780, 1859155, 2448290, 2252634, 2042259, 1834613, 1630739, 1432251, 1241734, 1063483, 904776, 777673, 699618, 687525, 744614, 857172, 1006763, 1179377, 1366317, 1562447, 1764706, 1923885, 2423272, 2263588, 2072006, 1877991, 1659708, 1484698, 1305730, 1141881, 1000609, 892696, 831241, 826669, 879868, 981488, 1118407, 1279340, 1456348, 1644247, 1832190, 1951153, 2223149, 2091940, 1678220, 1541177, 1377565, 1228141, 1103239, 1011981, 963973, 965685, 1016867, 1110701, 1237521, 1388317, 1556132, 1735317, 1845970, 1534101, 1426110, 1320658, 1210867, 1134106, 1097329, 1104538, 1154910, 1243209, 1362077, 1504285, 1663857, 1792184, 1471210, 1407258, 1322196, 1258160, 1231020, 1243197, 1293579, 1377982, 1490637, 1625680, 1778016, 1900957, 1446107, 1430257, 1383541, 1364861, 1381630, 1432604, 1514331, 1622170, 1751301, 1897381, 1991915, 1616012, 1552762, 1509830, 1498720, 1519810, 1571803, 1651783, 1755928, 1880226, 2013917, 2073856, 3074967, 1714640, 1653579, 1634824, 1632503, 1657708, 1711043, 1789995, 1891356, 2011629, 2095519, 1743847, 1766133, 1795296, 1850224, 1912049, 1973528, 2113283, 2149478, 1856910, 1897718, 1932547, 1977130, 1967764, 2079116, 2048700, 2034532, 2069432, 2114399, 2148905, 2146654, 2165534, 2196851, 2194500, 2209709, 2237079, 2290012, 2272913, 2390609], [1600075, 1449746, 1223139, 1110882, 271285, 234090, 2105916, 1956757, 1587706, 1446977, 1229461, 1086374, 777094, 566848, 325127, 150563, 0, 2233648, 2107950, 1903226, 1669567, 1452731, 1230819, 1009192, 787791, 567298, 349210, 145717, 152249, 290987, 2099030, 1904243, 1683744, 1463803, 1244714, 1027024, 811858, 601931, 405462, 255636, 255287, 403931, 587616, 802448, 950545, 2477263, 2343018, 2129112, 1918158, 1700686, 1484633, 1270724, 1060255, 855770, 662832, 495127, 386983, 391361, 505343, 675510, 869340, 1076209, 1274241, 1436186, 1996903, 2538067, 2369708, 2153430, 1938477, 1725345, 1514803, 1308105, 1107404, 916648, 743534, 603439, 523578, 531814, 624674, 772209, 949260, 1142181, 1344157, 1549517, 1709488, 2585256, 2387970, 2175432, 1964983, 1757374, 1553744, 1355888, 1166749, 991329, 838286, 721995, 662112, 673847, 753863, 883806, 1045216, 1225725, 1418057, 1618001, 1775961, 2558662, 2396999, 2202586, 2005680, 1781980, 1600782, 1412980, 1236490, 1076891, 942801, 846431, 801506, 816561, 888553, 1005324, 1153350, 1322176, 1504816, 1689260, 1805599, 2354290, 2221035, 1795584, 1651936, 1478258, 1314923, 1170893, 1054110, 974422, 941299, 959574, 1026507, 1133509, 1270496, 1428869, 1601570, 1707988, 1638963, 1520460, 1400530, 1271397, 1170203, 1104655, 1081254, 1102688, 1166488, 1266266, 1394318, 1543623, 1665961, 1555169, 1481208, 1376910, 1289712, 1236337, 1221230, 1245783, 1307765, 1402220, 1523118, 1664705, 1781320, 1509438, 1479390, 1411687, 1368966, 1361133, 1388780, 1449876, 1540446, 1655660, 1790765, 1878646, 1671208, 1598626, 1535457, 1502203, 1500896, 1531616, 1592510, 1680301, 1791036, 1913849, 1966759, 2943779, 1766463, 1696642, 1658375, 1635811, 1640462, 1674243, 1735452, 1821326, 1928455, 2003076, 1763776, 1769614, 1779787, 1816619, 1862461, 1909013, 2030772, 2063406, 1872151, 1901077, 1918829, 1947943, 1926582, 2108785, 2068106, 2038937, 2057551, 2089277, 2181660, 2167812, 2170990, 2187196, 2174095, 2238721, 2256171, 2296438, 2269673, 2398434], [657445, 803213, 1034918, 1145957, 2003352, 2067251, 137432, 282297, 647262, 791828, 1008637, 1148447, 1457095, 1668295, 1911252, 2091262, 2233648, 0, 125715, 330693, 564681, 781685, 1004072, 1226397, 1448849, 1671238, 1893627, 2115084, 2309089, 2477208, 159374, 345480, 564923, 786022, 1007687, 1229612, 1451678, 1673829, 1896034, 2118278, 2340548, 2559399, 2757742, 2976486, 3130361, 285105, 195681, 195641, 372030, 582889, 800006, 1019390, 1239838, 1460869, 1682253, 1903866, 2125638, 2347522, 2569490, 2791391, 3013155, 3235927, 3439215, 3596155, 4187563, 352378, 243405, 255949, 413095, 612094, 823131, 1038896, 1256956, 1476294, 1696415, 1917049, 2138037, 2359279, 2580711, 2802286, 3023974, 3245751, 3467600, 3684960, 3849373, 417872, 311542, 327309, 464807, 651001, 854634, 1065758, 1280672, 1497746, 1716160, 1935460, 2155377, 2375737, 2596429, 2817375, 3038518, 3259819, 3481247, 3702779, 3874725, 429093, 371429, 400837, 507278, 707381, 893599, 1099410, 1310605, 1524949, 1741278, 1958936, 2177523, 2396784, 2616551, 2836706, 3057164, 3277864, 3498760, 3713392, 3861669, 416672, 442873, 782475, 940696, 1139219, 1346313, 1557576, 1771518, 1987274, 2204309, 2422281, 2640957, 2860175, 3079820, 3299804, 3519512, 3665709, 1026185, 1196713, 1387314, 1595264, 1806593, 2020242, 2235545, 2452066, 2669507, 2887662, 3106378, 3325545, 3492260, 1309886, 1433735, 1637626, 1846195, 2057588, 2271017, 2485956, 2702044, 2919026, 3136716, 3354975, 3519201, 1545238, 1692767, 1890001, 2099043, 2310497, 2523755, 2738396, 2954118, 3170698, 3387972, 3531549, 1643681, 1738616, 1937684, 2144329, 2353746, 2565256, 2778380, 2992773, 3208178, 3417364, 3536806, 4709149, 1698859, 1786852, 1991004, 2193166, 2400521, 2610244, 2821805, 3034820, 3248963, 3405724, 2064392, 2245277, 2450576, 2658499, 2852065, 3038722, 3319245, 3383199, 2158752, 2305668, 2503666, 2688508, 2804244, 2087912, 2196637, 2361381, 2559555, 2728675, 2081795, 2223286, 2418581, 2608708, 2726765, 2158122, 2294960, 2477002, 2580541, 2519215], [536362, 680282, 911455, 1022019, 1878123, 1942130, 51407, 161038, 521933, 666994, 883458, 1022894, 1331452, 1542677, 1785628, 1965650, 2107950, 125715, 0, 205023, 439011, 655999, 878388, 1100714, 1323168, 1545558, 1767947, 1989405, 2183497, 2351677, 81415, 226636, 441952, 661958, 883156, 1104831, 1326743, 1548790, 1770922, 1993110, 2215337, 2434171, 2632601, 2851488, 3005386, 395620, 281941, 160177, 268391, 466573, 679883, 897600, 1117150, 1337631, 1558648, 1780001, 2001578, 2223313, 2445163, 2666968, 2888654, 3111381, 3314727, 3471887, 4062836, 462643, 325896, 238687, 326500, 505076, 708850, 921251, 1137457, 1355647, 1574997, 1795083, 2015662, 2236589, 2457770, 2679143, 2900662, 3122297, 3344025, 3561333, 3725778, 524485, 382839, 318408, 393743, 554541, 747549, 953402, 1165312, 1380493, 1597623, 1816004, 2035232, 2255060, 2475329, 2695929, 2916787, 3137846, 3359068, 3580421, 3752224, 525538, 432919, 397998, 450463, 620076, 794523, 993197, 1200166, 1411786, 1626243, 1842546, 2060114, 2278583, 2497717, 2717356, 2937384, 3157722, 3378308, 3592628, 3740300, 457705, 443131, 701892, 849709, 1039721, 1241395, 1449079, 1660520, 1874446, 2090094, 2306981, 2524787, 2743293, 2962344, 3181826, 3401097, 3546635, 937121, 1102179, 1288348, 1491887, 1700079, 1911406, 2124931, 2340052, 2556366, 2773593, 2991534, 3210043, 3376271, 1220025, 1340332, 1539709, 1744525, 1953104, 2164357, 2377570, 2592260, 2808087, 3024807, 3242241, 3405912, 1454214, 1600172, 1793453, 1999206, 2208090, 2419295, 2632261, 2846592, 3062001, 3278274, 3420947, 1562088, 1652212, 1846461, 2049371, 2255841, 2464975, 2676149, 2888914, 3102941, 3310901, 3428920, 4599231, 1622576, 1705467, 1905106, 2103262, 2307315, 2514353, 2723696, 2934849, 3147405, 3302621, 1982644, 2160552, 2362222, 2567171, 2758035, 2941855, 3219484, 3282866, 2080744, 2225967, 2420278, 2601946, 2713928, 2024600, 2128193, 2287218, 2481208, 2647299, 2023036, 2159733, 2349725, 2535286, 2649351, 2100619, 2234386, 2413133, 2512105, 2459606], [349430, 485275, 713736, 822737, 1674892, 1739170, 211373, 83016, 319390, 465891, 680785, 818865, 1127018, 1338320, 1581232, 1761286, 1903226, 330693, 205023, 0, 233990, 450993, 673379, 895703, 1118156, 1340545, 1562934, 1784392, 1978488, 2146705, 206622, 84005, 244635, 459940, 679817, 900926, 1122538, 1344405, 1566419, 1788524, 2010691, 2229497, 2428024, 2647079, 2801001, 587089, 460506, 265760, 170695, 289366, 487052, 699712, 916987, 1136232, 1356493, 1577344, 1798567, 2020041, 2241690, 2463339, 2684901, 2907555, 3110970, 3268423, 3858738, 652358, 497574, 327860, 257420, 351992, 529521, 731948, 943379, 1158896, 1376582, 1595548, 1815332, 2035668, 2256395, 2477408, 2698637, 2920032, 3141559, 3358773, 3523254, 709308, 539499, 394109, 344097, 424621, 583971, 774958, 979242, 1189996, 1404308, 1620769, 1838618, 2057415, 2276887, 2496855, 2717199, 2937833, 3158697, 3379746, 3551310, 699810, 575234, 465702, 419500, 506560, 647338, 827023, 1023550, 1228863, 1439207, 1652662, 1868162, 2085072, 2302994, 2521665, 2740905, 2960589, 3180622, 3394406, 3541113, 574397, 508204, 597786, 717937, 886504, 1075217, 1274751, 1480739, 1690822, 1903645, 2118382, 2334505, 2551660, 2769605, 2988166, 3206647, 3351086, 806865, 957841, 1133191, 1326892, 1528325, 1734801, 1944711, 2157055, 2371176, 2586634, 2803120, 3020411, 3185757, 1083007, 1195199, 1384530, 1581378, 1784128, 1990979, 2200773, 2412742, 2626359, 2841251, 3057149, 3219801, 1312427, 1454340, 1639317, 1838330, 2042052, 2249204, 2458917, 2670587, 2883783, 3098189, 3239256, 1436555, 1517233, 1701592, 1896940, 2097536, 2302008, 2509407, 2719062, 2930489, 3136174, 3251720, 4418002, 1506034, 1579100, 1769386, 1959510, 2157040, 2358845, 2563913, 2771520, 2981085, 3133520, 1853812, 2025617, 2220189, 2419380, 2605150, 2783777, 3056089, 3118429, 1957922, 2099481, 2286623, 2462241, 2567491, 1927639, 2021712, 2170029, 2356006, 2516336, 1933935, 2061497, 2241368, 2418314, 2525150, 2013142, 2140822, 2313004, 2403744, 2366509], [187778, 279686, 494673, 599446, 1443297, 1507928, 441826, 296117, 100265, 243746, 451657, 586614, 893867, 1105225, 1348036, 1528107, 1669567, 564681, 439011, 233990, 0, 217020, 439396, 661717, 884168, 1106557, 1328946, 1550403, 1744547, 1912834, 432234, 243879