{"matrix": [[0, 23228, 27654, 17336, 34528, 6653, 21034, 33584, 8513, 20601, 28416, 4051, 17612, 43766, 41211, 23188], [23228, 0, 50882, 40565, 57756, 29882, 2193, 56812, 31741, 2627, 51645, 27280, 5616, 66994, 64439, 46417], [27654, 50882, 0, 10317, 6874, 21000, 48688, 5930, 19141, 48255, 762, 23602, 45266, 16112, 13556, 4465], [17336, 40565, 10317, 0, 17191, 10682, 38371, 16247, 8823, 37937, 11080, 13284, 34948, 26429, 23874, 5852], [34528, 57756, 6874, 17191, 0, 27874, 55562, 944, 26015, 55129, 6111, 30476, 52140, 9238, 6682, 11339], [6653, 29882, 21000, 10682, 27874, 0, 27688, 26930, 1859, 27254, 21763, 2601, 24266, 37112, 34557, 16534], [21034, 2193, 48688, 38371, 55562, 27688, 0, 54618, 29547, 433, 49451, 25086, 3422, 64801, 62245, 44223], [33584, 56812, 5930, 16247, 944, 26930, 54618, 0, 25071, 54185, 5167, 29532, 51196, 10182, 7626, 10395], [8513, 31741, 19141, 8823, 26015, 1859, 29547, 25071, 0, 29114, 19903, 4461, 26125, 35253, 32697, 14675], [20601, 2627, 48255, 37937, 55129, 27254, 433, 54185, 29114, 0, 49018, 24653, 2988, 64367, 61812, 43789], [28416, 51645, 762, 11080, 6111, 21763, 49451, 5167, 19903, 49018, 0, 24365, 46029, 15349, 12794, 5228], [4051, 27280, 23602, 13284, 30476, 2601, 25086, 29532, 4461, 24653, 24365, 0, 21664, 39714, 37159, 19136], [17612, 5616, 45266, 34948, 52140, 24266, 3422, 51196, 26125, 2988, 46029, 21664, 0, 61378, 58823, 40800], [43766, 66994, 16112, 26429, 9238, 37112, 64801, 10182, 35253, 64367, 15349, 39714, 61378, 0, 2555, 20577], [41211, 64439, 13556, 23874, 6682, 34557, 62245, 7626, 32697, 61812, 12794, 37159, 58823, 2555, 0, 18022], [23188, 46417, 4465, 5852, 11339, 16534, 44223, 10395, 14675, 43789, 5228, 19136, 40800, 20577, 18022, 0]], "mapping_points": {"8": [2, 2, 15], "9": [3, 0, 12], "7": [2, 1, 14], "1": [0, 1, 4], "2": [0, 2, 5], "3": [1, 0, 6], "4": [1, 1, 13], "5": [1, 2, 8], "6": [2, 0, 9]}, "nrows": 3, "ncols": 3}