{"matrix": [[0, 29515, 20627, 301, 30440, 24628, 1514, 18462, 166010, 140497, 166837, 186387, 140057, 180191, 184685, 81085, 101267, 129339, 151537, 104676, 137013, 112672, 131849, 163230, 112054, 138704, 166539, 185824, 159193, 142229, 169601, 185231, 115767, 135253, 165814, 184381, 6737, 36782, 64568, 87766, 9678, 33607, 66966, 91200, 16829, 36431, 65577, 86209, 182498, 201844, 211636, 37626, 52177, 21072, 1156, 33610, 64410, 84878, 3906, 31398, 68239, 85312, 143757, 161801, 139648, 166129, 124964, 153233, 107084, 133670, 154602, 103154, 129578, 151006, 80556, 94505, 79816, 98179, 124863, 47979, 79314, 100086, 123036, 140786, 167134, 185026, 112587, 135169, 164609, 107032, 109201, 136969, 160912, 111644, 133134, 162746, 46876, 68429, 87745, 48995, 66795, 87519, 48137, 64346, 149600, 160048, 149677, 168050, 184837, 167145, 190880, 191886, 180329, 199866, 203605, 146697, 163002, 183761, 166280, 102936, 123891, 106730, 127288, 96861, 68532, 42357, 93606, 66467, 39853, 94483, 61510, 40629, 182951, 198845, 179024, 198789, 180698, 188702, 48643, 67897, 48775, 65562, 94740, 127134, 77979, 99158, 123552, 97563], [29515, 0, 50143, 29214, 925, 54144, 31030, 11052, 136495, 110981, 137322, 156871, 110542, 150675, 155170, 51569, 71751, 99824, 122021, 75161, 107497, 83157, 102333, 133715, 82538, 109188, 137024, 156308, 129677, 112713, 140085, 155716, 86251, 105737, 136299, 154865, 22778, 7266, 35053, 58250, 19837, 4091, 37450, 61685, 12686, 6916, 36061, 56693, 152983, 172328, 182120, 8110, 22661, 50588, 28359, 4095, 34895, 55362, 25609, 1882, 38723, 55796, 114241, 132286, 110133, 136614, 95448, 123717, 77568, 104155, 125086, 73638, 100063, 121490, 51040, 64990, 50301, 68663, 95347, 18463, 49798, 70570, 93520, 111270, 137619, 155510, 83071, 105654, 135094, 77517, 79685, 107454, 131396, 82128, 103619, 133230, 17360, 38913, 58229, 19480, 37280, 58003, 18621, 34830, 120084, 130532, 120161, 138534, 155321, 137630, 161364, 162371, 150813, 170350, 174090, 117181, 133487, 154246, 136765, 73420, 94375, 77214, 97772, 126377, 98048, 71873, 123121, 95983, 69368, 123999, 91026, 70145, 153435, 169329, 149509, 169274, 151182, 159186, 19127, 38382, 19260, 36047, 65224, 97619, 48464, 69642, 94036, 68047], [20627, 50143, 0, 20929, 51068, 4000, 19113, 39090, 186638, 161124, 187465, 207014, 160685, 200819, 205313, 101713, 121895, 149967, 172165, 125304, 157641, 133300, 152477, 183858, 132682, 159332, 187167, 206452, 179821, 162857, 190228, 205859, 136395, 155880, 186442, 205008, 27365, 57409, 85196, 108393, 30306, 54235, 87593, 111828, 37457, 57059, 86204, 106837, 203126, 222472, 232263, 58253, 72804, 444, 21784, 54238, 85038, 105506, 24534, 52025, 88866, 105939, 164385, 182429, 160276, 186757, 145591, 173861, 127711, 154298, 175229, 123782, 150206, 171633, 101184, 115133, 100444, 118807, 145490, 68607, 99942, 120714, 143663, 161413, 187762, 205653, 133214, 155797, 185237, 127660, 129828, 157597, 181540, 132271, 153762, 183373, 67504, 89057, 108372, 69623, 87423, 108147, 68765, 84974, 170228, 180676, 170305, 188677, 205464, 187773, 211508, 212514, 200957, 220493, 224233, 167325, 183630, 204389, 186908, 123564, 144518, 127358, 147915, 76234, 47904, 21729, 72978, 45840, 19225, 73855, 40883, 20001, 203579, 219473, 199652, 219417, 201326, 209330, 69271, 88525, 69403, 86190, 115368, 147762, 98607, 119785, 144179, 118191], [301, 29214, 20929, 0, 30139, 24929, 1815, 18161, 165709, 140195, 166536, 186085, 139756, 179890, 184384, 80784, 100966, 129038, 151236, 104375, 136711, 112371, 131548, 162929, 111753, 138403, 166238, 185523, 158891, 141928, 169299, 184930, 115465, 134951, 165513, 184079, 6435, 36480, 64267, 87464, 9377, 33306, 66664, 90899, 16528, 36130, 65275, 85908, 182197, 201543, 211334, 37324, 51875, 21373, 855, 33309, 64109, 84577, 3604, 31096, 67937, 85010, 143455, 161500, 139347, 165828, 124662, 152931, 106782, 133369, 154300, 102853, 129277, 150704, 80254, 94204, 79515, 97878, 124561, 47678, 79012, 99785, 122734, 140484, 166833, 184724, 112285, 134868, 164308, 106731, 108899, 136668, 160611, 111342, 132833, 162444, 46575, 68128, 87443, 48694, 66494, 87217, 47836, 64044, 149299, 159747, 149375, 167748, 184535, 166844, 190579, 191585, 180027, 199564, 203304, 146395, 162701, 183460, 165979, 102635, 123589, 106429, 126986, 97163, 68834, 42658, 93907, 66769, 40154, 94784, 61812, 40930, 182649, 198544, 178723, 198488, 180397, 188400, 48341, 67596, 48474, 65261, 94438, 126833, 77678, 98856, 123250, 97262], [30440, 925, 51068, 30139, 0, 55069, 31955, 11977, 135569, 110056, 136397, 155946, 109617, 149750, 154245, 50644, 70826, 98898, 121096, 74235, 106572, 82231, 101408, 132790, 81613, 108263, 136099, 155383, 128752, 111788, 139160, 154791, 85326, 104812, 135374, 153940, 23703, 6341, 34127, 57325, 20762, 3166, 36525, 60760, 13611, 5991, 35136, 55768, 152057, 171403, 181195, 7185, 21736, 51513, 29284, 3170, 33970, 54437, 26534, 957, 37798, 54871, 113316, 131361, 109207, 135688, 94523, 122792, 76643, 103230, 124161, 72713, 99138, 120565, 50115, 64064, 49376, 67738, 94422, 17538, 48873, 69645, 92595, 110345, 136694, 154585, 82146, 104728, 134168, 76592, 78760, 106529, 130471, 81203, 102694, 132305, 16435, 37988, 57304, 18555, 36355, 57078, 17696, 33905, 119159, 129607, 119236, 137609, 154396, 136705, 160439, 161446, 149888, 169425, 173164, 116256, 132562, 153321, 135840, 72495, 93450, 76289, 96847, 127302, 98973, 72798, 124046, 96908, 70294, 124924, 91951, 71070, 152510, 168404, 148584, 168349, 150257, 158261, 18202, 37457, 18334, 35122, 64299, 96693, 47539, 68717, 93111, 67122], [24628, 54144, 4000, 24929, 55069, 0, 23114, 43091, 190639, 165125, 191466, 211015, 164686, 204819, 209314, 105714, 125896, 153968, 176166, 129305, 161641, 137301, 156477, 187859, 136683, 163333, 191168, 210453, 183821, 166857, 194229, 209860, 140395, 159881, 190443, 209009, 31365, 61410, 89197, 112394, 34306, 58236, 91594, 115829, 41457, 61060, 90205, 110837, 207127, 226472, 236264, 62254, 76805, 3556, 25784, 58239, 89039, 109506, 28534, 56026, 92867, 109940, 168385, 186430, 164277, 190758, 149592, 177861, 131712, 158299, 179230, 127782, 154207, 175634, 105184, 119134, 104445, 122808, 149491, 72608, 103942, 124715, 147664, 165414, 191763, 209654, 137215, 159798, 189238, 131661, 133829, 161598, 185540, 136272, 157763, 187374, 71505, 93057, 112373, 73624, 91424, 112147, 72765, 88974, 174229, 184676, 174305, 192678, 209465, 191774, 215509, 216515, 204957, 224494, 228234, 171325, 187631, 208390, 190909, 127565, 148519, 131359, 151916, 72233, 43904, 17728, 68977, 41839, 15224, 69854, 36882, 16000, 207579, 223474, 203653, 223418, 205326, 213330, 73271, 92526, 73404, 90191, 119368, 151763, 102608, 123786, 148180, 122192], [1514, 31030, 19113, 1815, 31955, 23114, 0, 19977, 167525, 142011, 168352, 187901, 141572, 181705, 186200, 82600, 102781, 130854, 153052, 106191, 138527, 114187, 133363, 164745, 113568, 140219, 168054, 187338, 160707, 143743, 171115, 186746, 117281, 136767, 167329, 185895, 8251, 38296, 66083, 89280, 11192, 35122, 68480, 92715, 18343, 37946, 67091, 87723, 184013, 203358, 213150, 39140, 53691, 19558, 2670, 35125, 65925, 86392, 5420, 32912, 69753, 86826, 145271, 163316, 141163, 167644, 126478, 154747, 108598, 135185, 156116, 104668, 131093, 152520, 82070, 96020, 81331, 99694, 126377, 49493, 80828, 101601, 124550, 142300, 168649, 186540, 114101, 136684, 166124, 108547, 110715, 138484, 162426, 113158, 134649, 164260, 48390, 69943, 89259, 50510, 68310, 89033, 49651, 65860, 151115, 161562, 151191, 169564, 186351, 168660, 192395, 193401, 181843, 201380, 205120, 148211, 164517, 185276, 167795, 104450, 125405, 108244, 128802, 95347, 67018, 40843, 92091, 64953, 38338, 92968, 59996, 39115, 184465, 200359, 180539, 200304, 182212, 190216, 50157, 69412, 50290, 67077, 96254, 128649, 79494, 100672, 125066, 99078], [18462, 11052, 39090, 18161, 11977, 43091, 19977, 0, 147547, 122034, 148375, 167924, 121594, 161728, 166223, 62622, 82804, 110876, 133074, 86213, 118550, 94209, 113386, 144768, 93591, 120241, 148077, 167361, 140730, 123766, 151138, 166769, 97304, 116790, 147352, 165918, 11725, 18319, 46105, 69303, 8784, 15144, 48503, 72738, 1633, 17969, 47114, 67746, 164035, 183381, 193173, 19163, 33714, 39535, 17306, 15148, 45947, 66415, 14556, 12935, 49776, 66849, 125294, 143339, 121185, 147666, 106501, 134770, 88621, 115207, 136139, 84691, 111115, 132543, 62093, 76042, 61354, 79716, 106400, 29516, 60851, 81623, 104573, 122323, 148672, 166563, 94124, 116706, 146146, 88570, 90738, 118507, 142449, 93181, 114671, 144283, 28413, 49966, 69282, 30533, 48333, 69056, 29674, 45883, 131137, 141585, 131214, 149587, 166374, 148683, 172417, 173424, 161866, 181403, 185142, 128234, 144540, 165299, 147818, 84473, 105428, 88267, 108825, 115324, 86995, 60820, 112068, 84930, 58316, 112946, 79973, 59092, 164488, 180382, 160562, 180327, 162235, 170239, 30180, 49435, 30312, 47099, 76277, 108671, 59517, 80695, 105089, 79100], [166010, 136495, 186638, 165709, 135569, 190639, 167525, 147547, 0, 25513, 827, 20376, 25952, 14180, 18675, 84925, 64743, 36670, 14473, 61334, 28997, 53337, 34161, 2779, 53956, 27306, 529, 19813, 6817, 23781, 3590, 19221, 50243, 30757, 195, 18370, 159273, 129228, 101442, 78244, 156332, 132403, 99044, 74809, 149181, 129578, 100433, 79801, 16487, 35833, 45625, 128384, 113833, 187083, 164854, 132399, 101599, 81132, 162104, 134612, 97771, 80698, 22253, 4208, 26362, 118, 41046, 12777, 58926, 32339, 11408, 62856, 36431, 15004, 85454, 71505, 86193, 67831, 41147, 118031, 86696, 65924, 42974, 25224, 1124, 19015, 53423, 30841, 1401, 58977, 56809, 29040, 5098, 54366, 32875, 3264, 119134, 97581, 78265, 117014, 99214, 78491, 117873, 101664, 16410, 5962, 16333, 2039, 18826, 1135, 24869, 25876, 14318, 33855, 37595, 19313, 3007, 17751, 270, 63074, 42119, 59280, 38722, 262872, 234543, 208368, 259616, 232478, 205864, 260494, 227521, 206640, 16940, 32834, 13014, 32779, 14687, 22691, 117367, 98112, 117235, 100447, 71270, 38875, 88030, 66852, 42458, 68447], [140497, 110981, 161124, 140195, 110056, 165125, 142011, 122034, 25513, 0, 26340, 45890, 439, 39694, 44188, 59411, 39229, 11157, 11040, 35820, 3483, 27824, 8647, 22733, 28442, 1792, 26042, 45327, 18696, 1732, 29104, 44734, 24729, 5243, 25317, 43884, 133759, 103714, 75928, 52730, 130818, 106889, 73530, 49296, 123667, 104065, 74919, 54287, 42001, 61347, 71139, 102870, 88319, 161569, 139340, 106886, 76086, 55618, 136590, 109098, 72257, 55184, 3260, 21304, 848, 25632, 15532, 12736, 33412, 6826, 14105, 37342, 10918, 10509, 59940, 45991, 60680, 42317, 15634, 92517, 61182, 40410, 17460, 289, 26637, 44529, 27909, 5327, 24112, 33464, 31295, 3527, 20415, 28852, 7362, 22248, 93620, 72067, 52751, 91501, 73701, 52977, 92359, 76150, 9103, 19551, 9180, 27552, 44340, 26648, 50383, 51389, 39832, 59369, 63108, 6200, 22505, 43264, 25783, 37560, 16605, 33766, 13208, 237358, 209029, 182854, 234103, 206964, 180350, 234980, 202007, 181126, 42454, 58348, 38527, 58292, 40201, 48205, 91853, 72599, 91721, 74934, 45756, 13362, 62517, 41338, 16944, 42933], [166837, 137322, 187465, 166536, 136397, 191466, 168352, 148375, 827, 26340, 0, 19549, 26780, 13353, 17847, 85752, 65570, 37498, 15300, 62161, 29824, 54165, 34988, 3607, 54783, 28133, 298, 18986, 7644, 24608, 2763, 18393, 51070, 31584, 1022, 17543, 160100, 130055, 102269, 79071, 157159, 133230, 99871, 75637, 150008, 130406, 101260, 80628, 15660, 35006, 44798, 129211, 114660, 187910, 165681, 133227, 102427, 81959, 162931, 135439, 98598, 81525, 23080, 5036, 27189, 708, 41873, 13604, 59753, 33167, 12235, 63683, 37259, 15831, 86281, 72332, 87021, 68658, 41974, 118858, 87523, 66751, 43801, 26051, 296, 18188, 54250, 31668, 2228, 59805, 57636, 29868, 5925, 55193, 33703, 4091, 119961, 98408, 79092, 117842, 100042, 79318, 118700, 102491, 17237, 6789, 17160, 1212, 17999, 308, 24042, 25048, 13491, 33028, 36767, 20140, 3835, 16923, 557, 63901, 42946, 60107, 39549, 263699, 235370, 209195, 260444, 233305, 206691, 261321, 228348, 207467, 16113, 32007, 12186, 31951, 13860, 21864, 118194, 98940, 118062, 101275, 72097, 39703, 88858, 67679, 43285, 69274], [186387, 156871, 207014, 186085, 155946, 211015, 187901, 167924, 20376, 45890, 19549, 0, 46329, 6195, 1701, 105301, 85119, 57047, 34849, 81710, 49373, 73714, 54537, 23156, 74332, 47682, 19847, 562, 27193, 44157, 16785, 1155, 70619, 51134, 20572, 2005, 179649, 149604, 121818, 98621, 176708, 152779, 119421, 95186, 169557, 149955, 120809, 100177, 3888, 15457, 25249, 148761, 134210, 207459, 185230, 152776, 121976, 101508, 182480, 154989, 118147, 101075, 42629, 24585, 46738, 20257, 61422, 33153, 79303, 52716, 31785, 83232, 56808, 35381, 105830, 91881, 106570, 88207, 61524, 138407, 107072, 86300, 63351, 45601, 19252, 1361, 73800, 51217, 21777, 79354, 77185, 49417, 25474, 74743, 53252, 23641, 139510, 117957, 98642, 137391, 119591, 98867, 138249, 122040, 36786, 26338, 36709, 18337, 1550, 19241, 4493, 5499, 6057, 13479, 17218, 39689, 23384, 2625, 20106, 83450, 62495, 79656, 59098, 283249, 254919, 228744, 279993, 252855, 226240, 280870, 247897, 227016, 3435, 12458, 7362, 12402, 5688, 2315, 137743, 118489, 137611, 120824, 91646, 59252, 108407, 87229, 62835, 88823], [140057, 110542, 160685, 139756, 109617, 164686, 141572, 121594, 25952, 439, 26780, 46329, 0, 40133, 44628, 58972, 38790, 10718, 11479, 35381, 3044, 27385, 8208, 23173, 28003, 1353, 26482, 45766, 19135, 2171, 29543, 45174, 24290, 4804, 25757, 44323, 133320, 103275, 75489, 52291, 130379, 106450, 73091, 48856, 123228, 103625, 74480, 53848, 42440, 61786, 71578, 102431, 87880, 161130, 138901, 106446, 75647, 55179, 136151, 108659, 71818, 54745, 3699, 21744, 409, 26071, 15093, 13175, 32973, 6387, 14544, 36903, 10479, 10948, 59501, 45552, 60240, 41878, 15194, 92078, 60743, 39971, 17021, 728, 27077, 44968, 27470, 4888, 24551, 33024, 30856, 3087, 20854, 28413, 6922, 22688, 93181, 71628, 52312, 91061, 73261, 52538, 91920, 75711, 9542, 19990, 9619, 27992, 44779, 27088, 50822, 51829, 40271, 59808, 63547, 6639, 22945, 43704, 26223, 37121, 16166, 33327, 12769, 236919, 208590, 182415, 233663, 206525, 179911, 234541, 201568, 180687, 42893, 58787, 38967, 58732, 40640, 48644, 91414, 72159, 91282, 74495, 45317, 12923, 62077, 40899, 16505, 42494], [180191, 150675, 200819, 179890, 149750, 204819, 181705, 161728, 14180, 39694, 13353, 6195, 40133, 0, 4494, 99105, 78923, 50851, 28653, 75514, 43178, 67518, 48341, 16960, 68136, 41486, 13651, 5633, 20998, 37961, 10590, 5040, 64424, 44938, 14376, 4189, 173454, 143409, 115622, 92425, 170512, 146583, 113225, 88990, 163362, 143759, 114614, 93981, 2307, 21652, 31444, 142565, 128014, 201263, 179034, 146580, 115780, 95312, 176285, 148793, 111952, 94879, 36434, 18389, 40542, 14061, 55227, 26958, 73107, 46520, 25589, 77036, 50612, 29185, 99635, 85685, 100374, 82011, 55328, 132211, 100877, 80104, 57155, 39405, 13056, 4834, 67604, 45021, 15581, 73158, 70990, 43221, 19278, 68547, 47056, 17445, 133314, 111762, 92446, 131195, 113395, 92672, 132053, 115845, 30590, 20142, 30514, 12141, 4645, 13045, 10689, 11695, 137, 19674, 23414, 33494, 17188, 3570, 13910, 77254, 56300, 73460, 52903, 277053, 248724, 222548, 273797, 246659, 220044, 274674, 241702, 220820, 2759, 18654, 1166, 18598, 507, 8510, 131548, 112293, 131415, 114628, 85451, 53056, 102211, 81033, 56639, 82627], [184685, 155170, 205313, 184384, 154245, 209314, 186200, 166223, 18675, 44188, 17847, 1701, 44628, 4494, 0, 103600, 83418, 55346, 33148, 80009, 47672, 72013, 52836, 21455, 72631, 45981, 18145, 1138, 25492, 42456, 15084, 545, 68918, 49432, 18870, 304, 177948, 147903, 120117, 96919, 175007, 151078, 117719, 93484, 167856, 148253, 119108, 98476, 2187, 17158, 26950, 147059, 132508, 205758, 183529, 151074, 120275, 99807, 180779, 153287, 116446, 99373, 40928, 22883, 45037, 18556, 59721, 31452, 77601, 51015, 30083, 81531, 55107, 33679, 104129, 90180, 104869, 86506, 59822, 136706, 105371, 84599, 61649, 43899, 17551, 340, 72098, 49516, 20076, 77652, 75484, 47715, 23773, 73041, 51551, 21939, 137809, 116256, 96940, 135690, 117889, 97166, 136548, 120339, 35085, 24637, 35008, 16635, 151, 17539, 6194, 7200, 4356, 15180, 18919, 37988, 21683, 924, 18404, 81749, 60794, 77955, 57397, 281547, 253218, 227043, 278291, 251153, 224539, 279169, 246196, 225315, 1734, 14159, 5660, 14103, 3987, 4016, 136042, 116788, 135910, 119123, 89945, 57551, 106705, 85527, 61133, 87122], [81085, 51569, 101713, 80784, 50644, 105714, 82600, 62622, 84925, 59411, 85752, 105301, 58972, 99105, 103600, 0, 20181, 48254, 70451, 23591, 55927, 31587, 50763, 82145, 30968, 57618, 85454, 104738, 78107, 61143, 88515, 104146, 34681, 54167, 84729, 103295, 74348, 44303, 16516, 6680, 71407, 47478, 14119, 10115, 64256, 44653, 15508, 5123, 101413, 120758, 130550, 43459, 28908, 102158, 79929, 47474, 16674, 3792, 77179, 49687, 12846, 4226, 62671, 80716, 58563, 85044, 43878, 72147, 25998, 52585, 73516, 22068, 48493, 69920, 529, 13420, 1268, 17093, 43777, 33106, 1771, 19000, 41950, 59700, 86049, 103940, 31501, 54084, 83524, 25947, 28115, 55884, 79826, 30558, 52049, 81660, 34209, 12656, 6659, 32089, 14289, 6433, 32948, 16739, 68514, 78962, 68591, 86964, 103751, 86060, 109794, 110801, 99243, 118780, 122520, 65611, 81917, 102676, 85195, 21850, 42805, 25644, 46202, 177947, 149618, 123443, 174691, 147553, 120938, 175569, 142596, 121715, 101865, 117759, 97939, 117704, 99612, 107616, 32442, 13187, 32309, 15522, 13654, 46049, 3105, 18072, 42466, 16477], [101267, 71751, 121895, 100966, 70826, 125896, 102781, 82804, 64743, 39229, 65570, 85119, 38790, 78923, 83418, 20181, 0, 28072, 50270, 3409, 35745, 11405, 30581, 61963, 10787, 37437, 65272, 84557, 57925, 40961, 68333, 83964, 14499, 33985, 64547, 83113, 94530, 64485, 36698, 13501, 91589, 67659, 34301, 10066, 84438, 64835, 35690, 15058, 81231, 100576, 110368, 63641, 49090, 122339, 100111, 67656, 36856, 16389, 97361, 69869, 33028, 15955, 42489, 60534, 38381, 64862, 23696, 51965, 5816, 32403, 53334, 1886, 28311, 49738, 20711, 6761, 21450, 3087, 23595, 53287, 21953, 1180, 21768, 39518, 65867, 83758, 11319, 33902, 63342, 5765, 7933, 35702, 59644, 10376, 31867, 61478, 54390, 32838, 13522, 52271, 34471, 13748, 53130, 36921, 48333, 58780, 48409, 66782, 83569, 65878, 89613, 90619, 79061, 98598, 102338, 45429, 61735, 82494, 65013, 1669, 22623, 5463, 26020, 198129, 169800, 143624, 194873, 167735, 141120, 195750, 162778, 141896, 81683, 97577, 77757, 97522, 79430, 87434, 52624, 33369, 52491, 35704, 6527, 25867, 23287, 2109, 22284, 3703], [129339, 99824, 149967, 129038, 98898, 153968, 130854, 110876, 36670, 11157, 37498, 57047, 10718, 50851, 55346, 48254, 28072, 0, 22197, 24663, 7673, 16667, 2509, 33891, 17285, 9364, 37200, 56484, 29853, 12889, 40261, 55892, 13572, 5913, 36475, 55041, 122602, 92557, 64771, 41573, 119661, 95732, 62373, 38138, 112510, 92907, 63762, 43130, 53158, 72504, 82296, 91713, 77162, 150412, 128183, 95728, 64928, 44461, 125433, 97941, 61100, 44027, 14417, 32462, 10308, 36789, 4375, 23893, 22255, 4331, 25262, 26185, 239, 21666, 48783, 34834, 49522, 31160, 4476, 81360, 50025, 29253, 6303, 11446, 37795, 55686, 16752, 5829, 35269, 22306, 20138, 7630, 31572, 17695, 3795, 33406, 82463, 60910, 41594, 80343, 62543, 41820, 81202, 64993, 20260, 30708, 20337, 38710, 55497, 37806, 61540, 62547, 50989, 70526, 74265, 17357, 33663, 54422, 36941, 26403, 5448, 22609, 2051, 226201, 197872, 171697, 222945, 195807, 169193, 223823, 190850, 169969, 53611, 69505, 49685, 69450, 51358, 59362, 80696, 61441, 80564, 63776, 34599, 2204, 51359, 30181, 5787, 31776], [151537, 122021, 172165, 151236, 121096, 176166, 153052, 133074, 14473, 11040, 15300, 34849, 11479, 28653, 33148, 70451, 50270, 22197, 0, 46860, 14524, 38864, 19688, 11693, 39483, 12833, 15002, 34286, 7655, 9308, 18063, 33694, 35770, 16284, 14277, 32843, 144800, 114755, 86968, 63771, 141859, 117930, 84571, 60336, 134708, 115105, 85960, 65328, 30961, 50306, 60098, 113911, 99360, 172610, 150381, 117926, 87126, 66659, 147631, 120139, 83298, 66225, 7780, 10264, 11888, 14592, 26573, 1695, 44453, 17866, 3064, 48383, 21958, 531, 70981, 57031, 71720, 53357, 26674, 103558, 72223, 51451, 28501, 10751, 15597, 33488, 38950, 16367, 13072, 44504, 42336, 14567, 9374, 39893, 18402, 11208, 104661, 83108, 63792, 102541, 84741, 64018, 103400, 87191, 1937, 8510, 1860, 16512, 33299, 15608, 39342, 40349, 28791, 48328, 52068, 4840, 11465, 32224, 14743, 48601, 27646, 44807, 24249, 248399, 220070, 193895, 245143, 218005, 191390, 246020, 213048, 192167, 31413, 47307, 27487, 47252, 29160, 37164, 102894, 83639, 102761, 85974, 56797, 24402, 73557, 52379, 27985, 53974], [104676, 75161, 125304, 104375, 74235, 129305, 106191, 86213, 61334, 35820, 62161, 81710, 35381, 75514, 80009, 23591, 3409, 24663, 46860, 0, 32336, 7996, 27172, 58554, 7377, 34027, 61863, 81147, 54516, 37552, 64924, 80555, 11090, 30576, 61138, 79704, 97939, 67894, 40108, 16910, 94998, 71069, 37710, 13475, 87847, 68244, 39099, 18467, 77821, 97167, 106959, 67050, 52499, 125749, 103520, 71065, 40265, 19798, 100770, 73278, 36437, 19364, 39080, 57125, 34971, 61452, 20287, 48556, 2407, 28994, 49925, 1522, 24902, 46329, 24120, 10170, 24859, 6497, 20186, 56697, 25362, 4590, 18359, 36109, 62458, 80349, 7910, 30492, 59932, 2356, 4524, 32293, 56235, 6967, 28458, 58069, 57800, 36247, 16931, 55680, 37880, 17157, 56539, 40330, 44923, 55371, 45000, 63373, 80160, 62469, 86203, 87210, 75652, 95189, 98929, 42020, 58326, 79085, 61604, 1740, 19214, 2053, 22611, 201538, 173209, 147034, 198282, 171144, 144530, 199160, 166187, 145306, 78274, 94168, 74348, 94113, 76021, 84025, 56033, 36778, 55901, 39113, 9936, 22458, 26696, 5518, 18875, 7113], [137013, 107497, 157641, 136711, 106572, 161641, 138527, 118550, 28997, 3483, 29824, 49373, 3044, 43178, 47672, 55927, 35745, 7673, 14524, 32336, 0, 24340, 5163, 26217, 24958, 1691, 29526, 48811, 22180, 5216, 32587, 48218, 21246, 1760, 28801, 47367, 130275, 100231, 72444, 49247, 127334, 103405, 70047, 45812, 120183, 100581, 71436, 50803, 45485, 64831, 74622, 99387, 84836, 158085, 135856, 103402, 72602, 52134, 133106, 105615, 68774, 51701, 6743, 24788, 2635, 29116, 12049, 16220, 29929, 3342, 17588, 33858, 7434, 13992, 56457, 42507, 57196, 38833, 12150, 89033, 57699, 36926, 13977, 3772, 30121, 48012, 24426, 1843, 27596, 29980, 27812, 43, 23899, 25369, 3878, 25732, 90136, 68583, 49268, 88017, 70217, 49493, 88875, 72666, 12587, 23035, 12663, 31036, 47823, 30132, 53867, 54873, 43315, 62852, 66592, 9683, 25989, 46748, 29267, 34076, 13122, 30282, 9725, 233875, 205546, 179370, 230619, 203481, 176866, 231496, 198524, 177642, 45937, 61832, 42011, 61776, 43685, 51688, 88369, 69115, 88237, 71450, 42272, 9878, 59033, 37855, 13461, 39449], [112672, 83157, 133300, 112371, 82231, 137301, 114187, 94209, 53337, 27824, 54165, 73714, 27385, 67518, 72013, 31587, 11405, 16667, 38864, 7996, 24340, 0, 19176, 50558, 618, 26031, 53867, 73151, 46520, 29556, 56928, 72559, 3094, 22580, 53142, 71708, 105935, 75890, 48104, 24906, 102994, 79065, 45706, 21471, 95843, 76240, 47095, 26463, 69825, 89171, 98963, 75046, 60495, 133745, 111516, 79061, 48261, 27794, 108766, 81274, 44433, 27360, 31084, 49129, 26975, 53456, 12291, 40560, 5588, 20998, 41929, 9518, 16906, 38333, 32116, 18167, 32855, 14493, 12190, 64693, 33358, 12586, 10363, 28113, 54462, 72353, 85, 22496, 51936, 5639, 3471, 24297, 48239, 1028, 20462, 50073, 65796, 44243, 24927, 63676, 45876, 25153, 64535, 48326, 36927, 47375, 37004, 55377, 72164, 54473, 78207, 79214, 67656, 87193, 90932, 34024, 50330, 71089, 53608, 9736, 11218, 5942, 14615, 209534, 181205, 155030, 206278, 179140, 152526, 207156, 174183, 153302, 70278, 86172, 66352, 86117, 68025, 76029, 64029, 44774, 63897, 47109, 17932, 14462, 34692, 13514, 10879, 15109], [131849, 102333, 152477, 131548, 101408, 156477, 133363, 113386, 34161, 8647, 34988, 54537, 8208, 48341, 52836, 50763, 30581, 2509, 19688, 27172, 5163, 19176, 0, 31381, 19794, 6855, 34690, 53975, 27343, 10380, 37751, 53382, 16082, 3403, 33965, 52531, 125112, 95067, 67280, 44083, 122170, 98241, 64883, 40648, 115020, 95417, 66272, 45639, 50649, 69994, 79786, 94223, 79672, 152921, 130692, 98238, 67438, 46970, 127943, 100451, 63610, 46537, 11907, 29952, 7799, 34280, 6885, 21383, 24765, 1821, 22752, 28694, 2270, 19156, 51293, 37343, 52032, 33669, 6986, 83869, 52535, 31762, 8813, 8936, 35285, 53176, 19262, 3320, 32760, 24816, 22648, 5120, 29063, 20205, 1285, 30896, 84972, 63420, 44104, 82853, 65053, 44330, 83711, 67503, 17751, 28199, 17827, 36200, 52987, 35296, 59031, 60037, 48479, 68016, 71756, 14847, 31153, 51912, 34431, 28912, 7958, 25118, 4561, 228711, 200382, 174206, 225455, 198317, 171702, 226332, 193360, 172478, 51101, 66996, 47175, 66940, 48849, 56852, 83206, 63951, 83073, 66286, 37109, 4714, 53869, 32691, 8297, 34285], [163230, 133715, 183858, 162929, 132790, 187859, 164745, 144768, 2779, 22733, 3607, 23156, 23173, 16960, 21455, 82145, 61963, 33891, 11693, 58554, 26217, 50558, 31381, 0, 51176, 24526, 3309, 22593, 4037, 21001, 6370, 22001, 47463, 27977, 2584, 21150, 156493, 126448, 98662, 75464, 153552, 129623, 96264, 72029, 146401, 126798, 97653, 77021, 19267, 38613, 48405, 125604, 111053, 184303, 162074, 129619, 98820, 78352, 159324, 131832, 94991, 77918, 19473, 1428, 23582, 2898, 38266, 9997, 56146, 29560, 8628, 60076, 33652, 12224, 82674, 68725, 83413, 65051, 38367, 115251, 83916, 63144, 40194, 22444, 3904, 21795, 50643, 28061, 1378, 56197, 54029, 26260, 2318, 51586, 30096, 484, 116354, 94801, 75485, 114234, 96434, 75711, 115093, 98884, 13630, 3182, 13553, 4819, 21606, 3915, 27649, 28656, 17098, 36635, 40374, 16533, 227, 20531, 3050, 60294, 39339, 56500, 35942, 260092, 231763, 205588, 256836, 229698, 203084, 257714, 224741, 203860, 19720, 35614, 15794, 35559, 17467, 25471, 114587, 95332, 114455, 97668, 68490, 36096, 85250, 64072, 39678, 65667], [112054, 82538, 132682, 111753, 81613, 136683, 113568, 93591, 53956, 28442, 54783, 74332, 28003, 68136, 72631, 30968, 10787, 17285, 39483, 7377, 24958, 618, 19794, 51176, 0, 26650, 54485, 73770, 47138, 30174, 57546, 73177, 3712, 23198, 53760, 72326, 105317, 75272, 47485, 24288, 102376, 78446, 45088, 20853, 95225, 75622, 46477, 25845, 70444, 89789, 99581, 74428, 59877, 133127, 110898, 78443, 47643, 27176, 108148, 80656, 43815, 26742, 31702, 49747, 27594, 54075, 12909, 41178, 4970, 21616, 42547, 8900, 17524, 38951, 31498, 17548, 32237, 13874, 12808, 64074, 32740, 11967, 10981, 28731, 55080, 72971, 532, 23115, 52555, 5021, 2853, 24915, 48857, 410, 21080, 50691, 65178, 43625, 24309, 63058, 45258, 24535, 63917, 47708, 37546, 47993, 37622, 55995, 72782, 55091, 78826, 79832, 68274, 87811, 91551, 34642, 50948, 71707, 54226, 9117, 11836, 5324, 15233, 208916, 180587, 154411, 205660, 178522, 151907, 206537, 173565, 152683, 70896, 86790, 66970, 86735, 68643, 76647, 63411, 44156, 63278, 46491, 17314, 15080, 34074, 12896, 11497, 14490], [138704, 109188, 159332, 138403, 108263, 163333, 140219, 120241, 27306, 1792, 28133, 47682, 1353, 41486, 45981, 57618, 37437, 9364, 12833, 34027, 1691, 26031, 6855, 24526, 26650, 0, 27835, 47119, 20488, 3524, 30896, 46527, 22937, 3451, 27110, 45676, 131967, 101922, 74135, 50938, 129026, 105096, 71738, 47503, 121875, 102272, 73127, 52495, 43794, 63139, 72931, 101078, 86527, 159777, 137548, 105093, 74293, 53826, 134798, 107306, 70465, 53392, 5052, 23097, 944, 27425, 13740, 14528, 31620, 5033, 15897, 35550, 9125, 12301, 58148, 44198, 58887, 40524, 13841, 90725, 59390, 38617, 15668, 2081, 28430, 46321, 26117, 3534, 25905, 31671, 29503, 1734, 22207, 27060, 5569, 24041, 91828, 70275, 50959, 89708, 71908, 51185, 90567, 74358, 10895, 21343, 10972, 29345, 46132, 28441, 52175, 53182, 41624, 61161, 64901, 7992, 24298, 45057, 27576, 35768, 14813, 31974, 11416, 235566, 207237, 181062, 232310, 205172, 178557, 233187, 200215, 179334, 44246, 60140, 40320, 60085, 41993, 49997, 90061, 70806, 89928, 73141, 43964, 11569, 60724, 39546, 15152, 41141], [166539, 137024, 187167, 166238, 136099, 191168, 168054, 148077, 529, 26042, 298, 19847, 26482, 13651, 18145, 85454, 65272, 37200, 15002, 61863, 29526, 53867, 34690, 3309, 54485, 27835, 0, 19284, 7346, 24310, 3061, 18691, 50772, 31286, 724, 17841, 159802, 129757, 101971, 78773, 156861, 132932, 99573, 75339, 149710, 130108, 100962, 80330, 15958, 35304, 45096, 128913, 114362, 187612, 165383, 132929, 102129, 81661, 162633, 135141, 98300, 81227, 22782, 4738, 26891, 410, 41575, 13306, 59455, 32869, 11937, 63385, 36961, 15533, 85983, 72034, 86723, 68360, 41676, 118560, 87225, 66453, 43503, 25753, 594, 18486, 53952, 31370, 1930, 59507, 57338, 29570, 5627, 54895, 33405, 3793, 119663, 98110, 78794, 117544, 99744, 79020, 118402, 102193, 16939, 6491, 16862, 1510, 18297, 606, 24340, 25346, 13789, 33326, 37065, 19842, 3537, 17221, 259, 63603, 42648, 59809, 39251, 263401, 235072, 208897, 260146, 233007, 206393, 261023, 228050, 207169, 16411, 32305, 12484, 32249, 14158, 22162, 117896, 98642, 117764, 100977, 71799, 39405, 88560, 67381, 42987, 68976], [185824, 156308, 206452, 185523, 155383, 210453, 187338, 167361, 19813, 45327, 18986, 562, 45766, 5633, 1138, 104738, 84557, 56484, 34286, 81147, 48811, 73151, 53975, 22593, 73770, 47119, 19284, 0, 26631, 43595, 16223, 592, 70057, 50571, 20009, 1443, 179087, 149042, 121255, 98058, 176146, 152216, 118858, 94623, 168995, 149392, 120247, 99615, 3325, 16019, 25811, 148198, 133647, 206897, 184668, 152213, 121413, 100946, 181918, 154426, 117585, 100512, 42067, 24022, 46175, 19694, 60860, 32591, 78740, 52153, 31222, 82670, 56245, 34818, 105268, 91318, 106007, 87644, 60961, 137845, 106510, 85737, 62788, 45038, 18689, 798, 73237, 50654, 21214, 78791, 76623, 48854, 24912, 74180, 52689, 23078, 138948, 117395, 98079, 136828, 119028, 98305, 137687, 121478, 36223, 25776, 36147, 17774, 987, 18678, 5056, 6062, 5495, 14041, 17781, 39127, 22821, 2062, 19543, 82888, 61933, 79094, 58536, 282686, 254357, 228181, 279430, 252292, 225677, 280307, 247335, 226454, 2873, 13020, 6799, 12965, 5126, 2877, 137181, 117926, 137048, 120261, 91084, 58689, 107844, 86666, 62272, 88260], [159193, 129677, 179821, 158891, 128752, 183821, 160707, 140730, 6817, 18696, 7644, 27193, 19135, 20998, 25492, 78107, 57925, 29853, 7655, 54516, 22180, 46520, 27343, 4037, 47138, 20488, 7346, 26631, 0, 16963, 10407, 26038, 43426, 23940, 6621, 25187, 152456, 122411, 94624, 71427, 149514, 125585, 92227, 67992, 142363, 122761, 93616, 72983, 23305, 42651, 52442, 121567, 107016, 180265, 158036, 125582, 94782, 74314, 155287, 127795, 90954, 73881, 15436, 2608, 19544, 6936, 34229, 5960, 52109, 25522, 4591, 56038, 29614, 8187, 78637, 64687, 79376, 61013, 34330, 111213, 79879, 59106, 36157, 18407, 7941, 25832, 46606, 24023, 5416, 52160, 49992, 22223, 1719, 47549, 26058, 3552, 112316, 90763, 71448, 110197, 92397, 71674, 111055, 94847, 9592, 855, 9516, 8856, 25643, 7952, 31687, 32693, 21135, 40672, 44412, 12496, 3809, 24568, 7087, 56256, 35302, 52462, 31905, 256055, 227726, 201550, 252799, 225661, 199046, 253676, 220704, 199822, 23757, 39652, 19831, 39596, 21505, 29508, 110549, 91295, 110417, 93630, 64453, 32058, 81213, 60035, 35641, 61629], [142229, 112713, 162857, 141928, 111788, 166857, 143743, 123766, 23781, 1732, 24608, 44157, 2171, 37961, 42456, 61143, 40961, 12889, 9308, 37552, 5216, 29556, 10380, 21001, 30174, 3524, 24310, 43595, 16963, 0, 27371, 43002, 26462, 6976, 23585, 42151, 135492, 105447, 77660, 54463, 132551, 108621, 75263, 51028, 125400, 105797, 76652, 56020, 40269, 59614, 69406, 104603, 90052, 163301, 141073, 108618, 77818, 57351, 138323, 110831, 73990, 56917, 1527, 19572, 2580, 23900, 17265, 11003, 35145, 8558, 12372, 39075, 12650, 8776, 61673, 47723, 62412, 44049, 17366, 94249, 62915, 42142, 19193, 1443, 24905, 42796, 29642, 7059, 22380, 35196, 33028, 5259, 18682, 30585, 9094, 20516, 95352, 73800, 54484, 93233, 75433, 54710, 94092, 77883, 7371, 17818, 7447, 25820, 42607, 24916, 48651, 49657, 38099, 57636, 61376, 4467, 20773, 41532, 24051, 39292, 18338, 35498, 14941, 239091, 210762, 184586, 235835, 208697, 182082, 236712, 203740, 182858, 40721, 56616, 36795, 56560, 38468, 46472, 93586, 74331, 93453, 76666, 47489, 15094, 64249, 43071, 18677, 44665], [169601, 140085, 190228, 169299, 139160, 194229, 171115, 151138, 3590, 29104, 2763, 16785, 29543, 10590, 15084, 88515, 68333, 40261, 18063, 64924, 32587, 56928, 37751, 6370, 57546, 30896, 3061, 16223, 10407, 27371, 0, 15630, 53833, 34348, 3786, 14780, 162863, 132819, 105032, 81835, 159922, 135993, 102635, 78400, 152771, 133169, 104023, 83391, 12897, 32243, 42035, 131975, 117424, 190673, 168444, 135990, 105190, 84722, 165694, 138203, 101361, 84289, 25843, 7799, 29952, 3471, 44636, 16367, 62517, 35930, 14999, 66446, 40022, 18595, 89044, 75095, 89784, 71421, 44738, 121621, 90286, 69514, 46565, 28815, 2466, 15424, 57014, 34431, 4991, 62568, 60399, 32631, 8688, 57957, 36466, 6855, 122724, 101171, 81856, 120605, 102805, 82081, 121463, 105254, 20000, 9552, 19923, 1551, 15235, 2455, 21279, 22285, 10728, 30265, 34004, 22903, 6598, 14160, 3320, 66664, 45710, 62870, 42313, 266463, 238133, 211958, 263207, 236069, 209454, 264084, 231111, 210230, 13350, 29244, 9423, 29188, 11097, 19101, 120957, 101703, 120825, 104038, 74860, 42466, 91621, 70443, 46049, 72037], [185231, 155716, 205859, 184930, 154791, 209860, 186746, 166769, 19221, 44734, 18393, 1155, 45174, 5040, 545, 104146, 83964, 55892, 33694, 80555, 48218, 72559, 53382, 22001, 73177, 46527, 18691, 592, 26038, 43002, 15630, 0, 69464, 49978, 19416, 850, 178494, 148449, 120663, 97465, 175553, 151624, 118265, 94030, 168402, 148799, 119654, 99022, 2733, 16612, 26404, 147605, 133054, 206304, 184075, 151620, 120821, 100353, 181325, 153833, 116992, 99919, 41474, 23429, 45583, 19102, 60267, 31998, 78147, 51561, 30629, 82077, 55653, 34225, 104675, 90726, 105415, 87052, 60368, 137252, 105917, 85145, 62195, 44445, 18096, 205, 72644, 50062, 20622, 78198, 76030, 48261, 24319, 73587, 52097, 22485, 138355, 116802, 97486, 136236, 118435, 97712, 137094, 120885, 35631, 25183, 35554, 17181, 394, 18085, 5648, 6655, 4902, 14634, 18373, 38534, 22228, 1469, 18950, 82295, 61340, 78501, 57943, 282093, 253764, 227589, 278837, 251699, 225085, 279715, 246742, 225861, 2280, 13613, 6206, 13557, 4533, 3470, 136588, 117333, 136456, 119669, 90491, 58097, 107251, 86073, 61679, 87668], [115767, 86251, 136395, 115465, 85326, 140395, 117281, 97304, 50243, 24729, 51070, 70619, 24290, 64424, 68918, 34681, 14499, 13572, 35770, 11090, 21246, 3094, 16082, 47463, 3712, 22937, 50772, 70057, 43426, 26462, 53833, 69464, 0, 19485, 50047, 68613, 109029, 78985, 51198, 28001, 106088, 82159, 48801, 24566, 98937, 79335, 50190, 29557, 66731, 86077, 95868, 78141, 63590, 136839, 114610, 82156, 51356, 30888, 111860, 84369, 47528, 30455, 27989, 46034, 23881, 50362, 9196, 37466, 8683, 17903, 38834, 12612, 13811, 35238, 35210, 21261, 35950, 17587, 9095, 67787, 36453, 15680, 7268, 25018, 51367, 69258, 3180, 19402, 48842, 8734, 6566, 21202, 45145, 4123, 17367, 46978, 68890, 47337, 28022, 66771, 48971, 28247, 67629, 51420, 33833, 44281, 33910, 52282, 69069, 51378, 75113, 76119, 64561, 84098, 87838, 30929, 47235, 67994, 50513, 12830, 8123, 9036, 11520, 212629, 184300, 158124, 209373, 182235, 155620, 210250, 177278, 156396, 67183, 83078, 63257, 83022, 64931, 72934, 67123, 47869, 66991, 50204, 21026, 11367, 37787, 16609, 7784, 18203], [135253, 105737, 155880, 134951, 104812, 159881, 136767, 116790, 30757, 5243, 31584, 51134, 4804, 44938, 49432, 54167, 33985, 5913, 16284, 30576, 1760, 22580, 3403, 27977, 23198, 3451, 31286, 50571, 23940, 6976, 34348, 49978, 19485, 0, 30561, 49128, 128515, 98470, 70684, 47486, 125574, 101645, 68287, 44052, 118423, 98821, 69675, 49043, 47245, 66591, 76383, 97626, 83075, 156325, 134096, 101642, 70842, 50374, 131346, 103854, 67013, 49940, 8504, 26548, 4395, 30876, 10288, 17980, 28169, 1582, 19349, 32098, 5674, 15752, 54696, 40747, 55436, 37073, 10390, 87273, 55938, 35166, 12216, 5533, 31881, 49773, 22665, 83, 29356, 28220, 26051, 1716, 25659, 23608, 2118, 27492, 88376, 66823, 47508, 86257, 68457, 47733, 87115, 70906, 14347, 24795, 14424, 32796, 49584, 31892, 55627, 56633, 45076, 64613, 68352, 11444, 27749, 48508, 31027, 32316, 11361, 28522, 7964, 232114, 203785, 177610, 228859, 201720, 175106, 229736, 196763, 175882, 47698, 63592, 43771, 63536, 45445, 53449, 86609, 67355, 86477, 69690, 40512, 8118, 57273, 36094, 11701, 37689], [165814, 136299, 186442, 165513, 135374, 190443, 167329, 147352, 195, 25317, 1022, 20572, 25757, 14376, 18870, 84729, 64547, 36475, 14277, 61138, 28801, 53142, 33965, 2584, 53760, 27110, 724, 20009, 6621, 23585, 3786, 19416, 50047, 30561, 0, 18566, 159077, 129032, 101246, 78048, 156136, 132207, 98848, 74614, 148985, 129383, 100237, 79605, 16683, 36029, 45821, 128188, 113637, 186887, 164658, 132204, 101404, 80936, 161908, 134416, 97575, 80502, 22057, 4013, 26166, 314, 40850, 12581, 58730, 32144, 11212, 62660, 36236, 14808, 85258, 71309, 85998, 67635, 40951, 117835, 86500, 65728, 42778, 25028, 1319, 19211, 53227, 30645, 1205, 58782, 56613, 28845, 4902, 54170, 32680, 3068, 118938, 97385, 78069, 116819, 99019, 78295, 117677, 101468, 16214, 5766, 16137, 2235, 19022, 1331, 25065, 26071, 14514, 34051, 37790, 19117, 2812, 17946, 465, 62878, 41923, 59084, 38526, 262676, 234347, 208172, 259421, 232282, 205668, 260298, 227325, 206444, 17136, 33030, 13209, 32974, 14883, 22887, 117171, 97917, 117039, 100252, 71074, 38680, 87835, 66656, 42262, 68251], [184381, 154865, 205008, 184079, 153940, 209009, 185895, 165918, 18370, 43884, 17543, 2005, 44323, 4189, 304, 103295, 83113, 55041, 32843, 79704, 47367, 71708, 52531, 21150, 72326, 45676, 17841, 1443, 25187, 42151, 14780, 850, 68613, 49128, 18566, 0, 177643, 147599, 119812, 96615, 174702, 150773, 117415, 93180, 167551, 147949, 118803, 98171, 1882, 17463, 27254, 146755, 132204, 205453, 183224, 150770, 119970, 99502, 180474, 152983, 116141, 99069, 40623, 22579, 44732, 18251, 59417, 31147, 77297, 50710, 29779, 81226, 54802, 33375, 103824, 89875, 104564, 86201, 59518, 136401, 105066, 84294, 61345, 43595, 17246, 644, 71794, 49211, 19771, 77348, 75180, 47411, 23468, 72737, 51246, 21635, 137504, 115951, 96636, 135385, 117585, 96861, 136243, 120034, 34780, 24332, 34703, 16331, 455, 17235, 6499, 7505, 4051, 15485, 19224, 37683, 21378, 619, 18100, 81444, 60490, 77650, 57093, 281243, 252913, 226738, 277987, 250849, 224234, 278864, 245892, 225010, 1429, 14464, 5356, 14408, 3682, 4321, 135737, 116483, 135605, 118818, 89640, 57246, 106401, 85223, 60829, 86817], [6737, 22778, 27365, 6435, 23703, 31365, 8251, 11725, 159273, 133759, 160100, 179649, 133320, 173454, 177948, 74348, 94530, 122602, 144800, 97939, 130275, 105935, 125112, 156493, 105317, 131967, 159802, 179087, 152456, 135492, 162863, 178494, 109029, 128515, 159077, 177643, 0, 30044, 57831, 81028, 2941, 26870, 60228, 84463, 10092, 29694, 58839, 79472, 175761, 195107, 204898, 30888, 45439, 27809, 5580, 26873, 57673, 78141, 2831, 24660, 61501, 78574, 137019, 155064, 132911, 159392, 118226, 146495, 100346, 126933, 147864, 96417, 122841, 144268, 73818, 87768, 73079, 91442, 118125, 41242, 72576, 93349, 116298, 134048, 160397, 178288, 105849, 128432, 157872, 100295, 102463, 130232, 154175, 104906, 126397, 156008, 40139, 61692, 81007, 42258, 60058, 80782, 41400, 57608, 142863, 153311, 142939, 161312, 178099, 160408, 184143, 185149, 173591, 193128, 196868, 139959, 156265, 177024, 159543, 96199, 117153, 99993, 120550, 103599, 75270, 49094, 100343, 73205, 46590, 101220, 68248, 47366, 176213, 192108, 172287, 192052, 173961, 181964, 41906, 61160, 42038, 58825, 88003, 120397, 71242, 92420, 116814, 90826], [36782, 7266, 57409, 36480, 6341, 61410, 38296, 18319, 129228, 103714, 130055, 149604, 103275, 143409, 147903, 44303, 64485, 92557, 114755, 67894, 100231, 75890, 95067, 126448, 75272, 101922, 129757, 149042, 122411, 105447, 132819, 148449, 78985, 98470, 129032, 147599, 30044, 0, 27786, 50983, 27103, 3174, 30183, 54418, 19952, 350, 28795, 49427, 145716, 165062, 174854, 843, 15394, 57854, 35625, 3171, 27628, 48096, 32875, 5384, 31457, 48529, 106975, 125019, 102866, 129347, 88182, 116451, 70301, 96888, 117819, 66372, 92796, 114223, 43774, 57723, 43034, 61397, 88080, 11197,