{"matrix": [[0, 9577, 14868, 32522, 23185, 16095, 628, 8466, 17076, 21195, 13174, 1693, 8465, 17656, 19814, 12904, 2218, 8466, 16677, 20388, 12637, 2218, 8466, 15640, 10132, 2218, 8375, 14882, 8484, 3035, 3749, 1689, 43820, 32781, 24991, 43002, 34274, 23662, 16623, 1494, 8255, 14269, 41177, 34274, 23590, 12904, 2218, 8431, 15100, 40016, 32891, 23464, 12904, 2554, 7212, 14347, 19515, 12161, 5673, 10155, 5104], [9577, 0, 5291, 42099, 32762, 25672, 10205, 1110, 7498, 30773, 22751, 11270, 1111, 8079, 29392, 22481, 11795, 1110, 7099, 29965, 22214, 11795, 1110, 6063, 19709, 11795, 1202, 5305, 18061, 12612, 5827, 11266, 53398, 42358, 34568, 52579, 43851, 33239, 26200, 11071, 1322, 4692, 50754, 43851, 33167, 22481, 11795, 1145, 5523, 49594, 42468, 33041, 22481, 12131, 2365, 4770, 29093, 21738, 15250, 19732, 14682], [14868, 5291, 0, 47391, 38054, 30964, 15497, 6402, 2207, 36064, 28043, 16562, 6403, 2787, 34683, 27773, 17087, 6402, 1808, 35257, 27506, 17087, 6402, 771, 25001, 17087, 6493, 13, 23353, 17904, 11119, 16558, 58689, 47650, 39860, 57871, 49143, 38531, 31492, 16363, 6613, 599, 56046, 49143, 38458, 27773, 17087, 6437, 231, 54885, 47760, 38333, 27773, 17423, 7656, 521, 34384, 27030, 20542, 25024, 19973], [32522, 42099, 47391, 0, 9337, 16426, 31894, 40988, 49598, 11326, 19347, 30828, 40987, 50178, 12707, 19618, 30303, 40988, 49199, 12133, 19884, 30303, 40988, 48162, 22390, 30303, 40897, 47404, 24038, 29486, 36271, 30833, 11298, 259, 7531, 10480, 1752, 8860, 15898, 31027, 40777, 46791, 8655, 1752, 8932, 19618, 30303, 40954, 47622, 7494, 369, 9057, 19618, 29968, 39734, 46869, 13006, 20360, 26849, 22366, 27417], [23185, 32762, 38054, 9337, 0, 7089, 22557, 31651, 40261, 1989, 10010, 21491, 31650, 40841, 3370, 10281, 20966, 31651, 39862, 2796, 10547, 20966, 31651, 38825, 13053, 20966, 31560, 38067, 14701, 20149, 26934, 21496, 20635, 9596, 1805, 19817, 11089, 477, 6561, 21690, 31440, 37454, 17992, 11089, 404, 10281, 20966, 31617, 38285, 16831, 9706, 279, 10281, 20631, 30397, 37532, 3669, 11023, 17512, 13029, 18080], [16095, 25672, 30964, 16426, 7089, 0, 15467, 24561, 33171, 5100, 2921, 14401, 24560, 33752, 3719, 3191, 13877, 24561, 32772, 4293, 3458, 13877, 24561, 31736, 5963, 13877, 24470, 30977, 7611, 13059, 19844, 14406, 27725, 16685, 8895, 26906, 18179, 7566, 528, 14601, 24350, 30365, 25082, 18179, 7494, 3191, 13877, 24527, 31195, 23921, 16795, 7368, 3191, 13541, 23307, 30442, 3420, 3934, 10422, 5940, 10990], [628, 10205, 15497, 31894, 22557, 15467, 0, 9094, 17704, 20567, 12546, 1065, 9093, 18284, 19186, 12275, 1590, 9094, 17305, 19760, 12009, 1590, 9094, 16268, 9503, 1590, 9003, 15510, 7855, 2407, 4377, 1060, 43192, 32153, 24362, 42374, 33646, 23034, 15995, 866, 8883, 14897, 40549, 33646, 22961, 12275, 1590, 9060, 15728, 39388, 32263, 22836, 12275, 1925, 7840, 14975, 18887, 11533, 5044, 9527, 4476], [8466, 1110, 6402, 40988, 31651, 24561, 9094, 0, 8609, 29662, 21640, 10159, 1, 9190, 28281, 21370, 10684, 0, 8210, 28855, 21103, 10684, 0, 7174, 18598, 10684, 91, 6415, 16950, 11502, 4716, 10155, 52287, 41247, 33457, 51468, 42741, 32128, 25090, 9960, 211, 5803, 49644, 42741, 32056, 21370, 10684, 34, 6633, 48483, 41357, 31930, 21370, 11020, 1254, 5881, 27982, 20627, 14139, 18621, 13571], [17076, 7498, 2207, 49598, 40261, 33171, 17704, 8609, 0, 38272, 30250, 18769, 8610, 580, 36891, 29980, 19294, 8609, 399, 37464, 29713, 19294, 8609, 1435, 27208, 19294, 8701, 2193, 25560, 20111, 13326, 18765, 60897, 49857, 42067, 60078, 51350, 40738, 33699, 18570, 8821, 2806, 58253, 51350, 40666, 29980, 19294, 8644, 1975, 57093, 49967, 40540, 29980, 19630, 9864, 2728, 36592, 29237, 22749, 27231, 22181], [21195, 30773, 36064, 11326, 1989, 5100, 20567, 29662, 38272, 0, 8021, 19502, 29661, 38852, 1381, 8291, 18977, 29662, 37872, 807, 8558, 18977, 29662, 36836, 11063, 18977, 29571, 36078, 12711, 18160, 24945, 19506, 22624, 11585, 3795, 21806, 13078, 2466, 4572, 19701, 29451, 35465, 19981, 13078, 2394, 8291, 18977, 29627, 36296, 18820, 11695, 2268, 8291, 18641, 28408, 35543, 1680, 9034, 15522, 11040, 16091], [13174, 22751, 28043, 19347, 10010, 2921, 12546, 21640, 30250, 8021, 0, 11480, 21639, 30831, 6640, 270, 10956, 21640, 29851, 7214, 537, 10956, 21640, 28815, 3042, 10956, 21549, 28056, 4690, 10138, 16923, 11485, 30646, 19607, 11816, 29828, 21100, 10487, 3449, 11679, 21429, 27444, 28003, 21100, 10415, 270, 10956, 21606, 28274, 26842, 19717, 10289, 270, 10620, 20386, 27521, 6341, 1012, 7501, 3018, 8069], [1693, 11270, 16562, 30828, 21491, 14401, 1065, 10159, 18769, 19502, 11480, 0, 10158, 19350, 18121, 11210, 524, 10159, 18370, 18695, 10943, 524, 10159, 17334, 8438, 524, 10068, 16575, 6790, 1342, 5442, 4, 42127, 31087, 23297, 41308, 32581, 21968, 14930, 199, 9948, 15963, 39484, 32581, 21896, 11210, 524, 10125, 16793, 38323, 31197, 21770, 11210, 860, 8905, 16040, 17822, 10467, 3979, 8461, 3411], [8465, 1111, 6403, 40987, 31650, 24560, 9093, 1, 8610, 29661, 21639, 10158, 0, 9191, 28280, 21369, 10683, 1, 8211, 28853, 21102, 10683, 1, 7175, 18597, 10683, 90, 6417, 16949, 11500, 4715, 10154, 52286, 41246, 33456, 51467, 42739, 32127, 25088, 9959, 210, 5804, 49642, 42739, 32055, 21369, 10683, 33, 6635, 48482, 41356, 31929, 21369, 11019, 1253, 5882, 27981, 20626, 14138, 18620, 13570], [17656, 8079, 2787, 50178, 40841, 33752, 18284, 9190, 580, 38852, 30831, 19350, 9191, 0, 37471, 30560, 19874, 9190, 979, 38045, 30293, 19874, 9190, 2015, 27788, 19874, 9281, 2774, 26140, 20692, 13907, 19345, 61477, 50438, 42647, 60659, 51931, 41318, 34280, 19151, 9401, 3386, 58834, 51931, 41246, 30560, 19874, 9224, 2556, 57673, 50548, 41120, 30560, 20210, 10444, 3309, 37172, 29818, 23329, 27812, 22761], [19814, 29392, 34683, 12707, 3370, 3719, 19186, 28281, 36891, 1381, 6640, 18121, 28280, 37471, 0, 6910, 17596, 28281, 36491, 573, 7177, 17596, 28281, 35455, 9682, 17596, 28190, 34697, 11330, 16779, 23564, 18125, 24005, 12966, 5176, 23187, 14459, 3847, 3191, 18320, 28070, 34084, 21362, 14459, 3775, 6910, 17596, 28246, 34915, 20201, 13076, 3649, 6910, 17260, 27027, 34162, 299, 7653, 14141, 9659, 14709], [12904, 22481, 27773, 19618, 10281, 3191, 12275, 21370, 29980, 8291, 270, 11210, 21369, 30560, 6910, 0, 10685, 21370, 29581, 7484, 266, 10685, 21370, 28544, 2772, 10685, 21279, 27786, 4419, 9868, 16653, 11215, 30916, 19877, 12086, 30098, 21370, 10758, 3719, 11409, 21159, 27173, 28273, 21370, 10685, 0, 10685, 21336, 28004, 27112, 19987, 10560, 0, 10350, 20116, 27251, 6611, 742, 7231, 2748, 7799], [2218, 11795, 17087, 30303, 20966, 13877, 1590, 10684, 19294, 18977, 10956, 524, 10683, 19874, 17596, 10685, 0, 10684, 18895, 18170, 10418, 0, 10684, 17859, 7913, 0, 10593, 17100, 6265, 817, 5967, 529, 41602, 30563, 22772, 40784, 32056, 21443, 14405, 723, 10473, 16487, 38959, 32056, 21371, 10685, 0, 10650, 17318, 37798, 30673, 21246, 10685, 335, 9430, 16565, 17297, 9943, 3454, 7937, 2886], [8466, 1110, 6402, 40988, 31651, 24561, 9094, 0, 8609, 29662, 21640, 10159, 1, 9190, 28281, 21370, 10684, 0, 8210, 28855, 21103, 10684, 0, 7174, 18598, 10684, 91, 6415, 16950, 11502, 4716, 10155, 52287, 41247, 33457, 51468, 42741, 32128, 25090, 9960, 211, 5803, 49644, 42741, 32056, 21370, 10684, 34, 6633, 48483, 41357, 31930, 21370, 11020, 1254, 5881, 27982, 20627, 14139, 18621, 13571], [16677, 7099, 1808, 49199, 39862, 32772, 17305, 8210, 399, 37872, 29851, 18370, 8211, 979, 36491, 29581, 18895, 8210, 0, 37065, 29314, 18895, 8210, 1036, 26809, 18895, 8301, 1794, 25161, 19712, 12927, 18366, 60497, 49458, 41668, 59679, 50951, 40339, 33300, 18171, 8421, 2407, 57854, 50951, 40267, 29581, 18895, 8245, 1576, 56693, 49568, 40141, 29581, 19231, 9464, 2329, 36192, 28838, 22350, 26832, 21781], [20388, 29965, 35257, 12133, 2796, 4293, 19760, 28855, 37464, 807, 7214, 18695, 28853, 38045, 573, 7484, 18170, 28855, 37065, 0, 7751, 18170, 28855, 36029, 10256, 18170, 28763, 35271, 11904, 17353, 24138, 18699, 23432, 12392, 4602, 22613, 13886, 3273, 3765, 18894, 28643, 34658, 20789, 13886, 3201, 7484, 18170, 28820, 35488, 19628, 12502, 3075, 7484, 17834, 27600, 34736, 872, 8227, 14715, 10233, 15283], [12637, 22214, 27506, 19884, 10547, 3458, 12009, 21103, 29713, 8558, 537, 10943, 21102, 30293, 7177, 266, 10418, 21103, 29314, 7751, 0, 10418, 21103, 28277, 2505, 10418, 21012, 27519, 4153, 9601, 16386, 10948, 31183, 20144, 12353, 30365, 21637, 11024, 3986, 11142, 20892, 26906, 28540, 21637, 10952, 266, 10418, 21069, 27737, 27379, 20254, 10827, 266, 10083, 19849, 26984, 6878, 475, 6964, 2481, 7532], [2218, 11795, 17087, 30303, 20966, 13877, 1590, 10684, 19294, 18977, 10956, 524, 10683, 19874, 17596, 10685, 0, 10684, 18895, 18170, 10418, 0, 10684, 17859, 7913, 0, 10593, 17100, 6265, 817, 5967, 529, 41602, 30563, 22772, 40784, 32056, 21443, 14405, 723, 10473, 16487, 38959, 32056, 21371, 10685, 0, 10650, 17318, 37798, 30673, 21246, 10685, 335, 9430, 16565, 17297, 9943, 3454, 7937, 2886], [8466, 1110, 6402, 40988, 31651, 24561, 9094, 0, 8609, 29662, 21640, 10159, 1, 9190, 28281, 21370, 10684, 0, 8210, 28855, 21103, 10684, 0, 7174, 18598, 10684, 91, 6415, 16950, 11502, 4716, 10155, 52287, 41247, 33457, 51468, 42741, 32128, 25090, 9960, 211, 5803, 49644, 42741, 32056, 21370, 10684, 34, 6633, 48483, 41357, 31930, 21370, 11020, 1254, 5881, 27982, 20627, 14139, 18621, 13571], [15640, 6063, 771, 48162, 38825, 31736, 16268, 7174, 1435, 36836, 28815, 17334, 7175, 2015, 35455, 28544, 17859, 7174, 1036, 36029, 28277, 17859, 7174, 0, 25772, 17859, 7265, 758, 24124, 18676, 11891, 17329, 59461, 48422, 40631, 58643, 49915, 39302, 32264, 17135, 7385, 1371, 56818, 49915, 39230, 28544, 17859, 7208, 540, 55657, 48532, 39105, 28544, 18194, 8428, 1293, 35156, 27802, 21313, 25796, 20745], [10132, 19709, 25001, 22390, 13053, 5963, 9503, 18598, 27208, 11063, 3042, 8438, 18597, 27788, 9682, 2772, 7913, 18598, 26809, 10256, 2505, 7913, 18598, 25772, 0, 7913, 18507, 25014, 1647, 7096, 13881, 8443, 33688, 22649, 14858, 32870, 24142, 13530, 6491, 8637, 18387, 24401, 31045, 24142, 13457, 2772, 7913, 18563, 25232, 29884, 22759, 13332, 2772, 7577, 17344, 24479, 9383, 2029, 4458, 23, 5027], [2218, 11795, 17087, 30303, 20966, 13877, 1590, 10684, 19294, 18977, 10956, 524, 10683, 19874, 17596, 10685, 0, 10684, 18895, 18170, 10418, 0, 10684, 17859, 7913, 0, 10593, 17100, 6265, 817, 5967, 529, 41602, 30563, 22772, 40784, 32056, 21443, 14405, 723, 10473, 16487, 38959, 32056, 21371, 10685, 0, 10650, 17318, 37798, 30673, 21246, 10685, 335, 9430, 16565, 17297, 9943, 3454, 7937, 2886], [8375, 1202, 6493, 40897, 31560, 24470, 9003, 91, 8701, 29571, 21549, 10068, 90, 9281, 28190, 21279, 10593, 91, 8301, 28763, 21012, 10593, 91, 7265, 18507, 10593, 0, 6507, 16859, 11410, 4625, 10064, 52196, 41156, 33366, 51377, 42649, 32037, 24998, 9869, 120, 5894, 49552, 42649, 31965, 21279, 10593, 56, 6725, 48392, 41266, 31839, 21279, 10929, 1163, 5972, 27891, 20536, 14048, 18530, 13480], [14882, 5305, 13, 47404, 38067, 30977, 15510, 6415, 2193, 36078, 28056, 16575, 6417, 2774, 34697, 27786, 17100, 6415, 1794, 35271, 27519, 17100, 6415, 758, 25014, 17100, 6507, 0, 23366, 17917, 11132, 16571, 58703, 47663, 39873, 57884, 49157, 38544, 31505, 16376, 6627, 612, 56060, 49157, 38472, 27786, 17100, 6450, 217, 54899, 47773, 38346, 27786, 17436, 7670, 534, 34398, 27043, 20555, 25037, 19987], [8484, 18061, 23353, 24038, 14701, 7611, 7855, 16950, 25560, 12711, 4690, 6790, 16949, 26140, 11330, 4419, 6265, 16950, 25161, 11904, 4153, 6265, 16950, 24124, 1647, 6265, 16859, 23366, 0, 5448, 12233, 6795, 35336, 24297, 16506, 34518, 25790, 15178, 8139, 6989, 16739, 22753, 32693, 25790, 15105, 4419, 6265, 16916, 23584, 31532, 24407, 14980, 4419, 5930, 15696, 22831, 11031, 3677, 2811, 1671, 3379], [3035, 12612, 17904, 29486, 20149, 13059, 2407, 11502, 20111, 18160, 10138, 1342, 11500, 20692, 16779, 9868, 817, 11502, 19712, 17353, 9601, 817, 11502, 18676, 7096, 817, 11410, 17917, 5448, 0, 6785, 1346, 40785, 29745, 21955, 39966, 31239, 20626, 13588, 1541, 11290, 17305, 38142, 31239, 20554, 9868, 817, 11467, 18135, 36981, 29855, 20428, 9868, 481, 10247, 17383, 16480, 9125, 2637, 7119, 2069], [3749, 5827, 11119, 36271, 26934, 19844, 4377, 4716, 13326, 24945, 16923, 5442, 4715, 13907, 23564, 16653, 5967, 4716, 12927, 24138, 16386, 5967, 4716, 11891, 13881, 5967, 4625, 11132, 12233, 6785, 0, 5438, 47570, 36530, 28740, 46751, 38024, 27411, 20373, 5243, 4505, 10520, 44927, 38024, 27339, 16653, 5967, 4682, 11350, 43766, 36640, 27213, 16653, 6303, 3462, 10597, 23265, 15910, 9422, 13904, 8854], [1689, 11266, 16558, 30833, 21496, 14406, 1060, 10155, 18765, 19506, 11485, 4, 10154, 19345, 18125, 11215, 529, 10155, 18366, 18699, 10948, 529, 10155, 17329, 8443, 529, 10064, 16571, 6795, 1346, 5438, 0, 42131, 31092, 23302, 41313, 32585, 21973, 14934, 194, 9944, 15958, 39488, 32585, 21900, 11215, 529, 10120, 16789, 38327, 31202, 21775, 11215, 865, 8901, 16036, 17826, 10472, 3984, 8466, 3415], [43820, 53398, 58689, 11298, 20635, 27725, 43192, 52287, 60897, 22624, 30646, 42127, 52286, 61477, 24005, 30916, 41602, 52287, 60497, 23432, 31183, 41602, 52287, 59461, 33688, 41602, 52196, 58703, 35336, 40785, 47570, 42131, 0, 11039, 18829, 818, 9546, 20158, 27197, 42326, 52075, 58090, 2643, 9546, 20230, 30916, 41602, 52252, 58921, 3803, 10929, 20356, 30916, 41266, 51032, 58168, 24304, 31659, 38147, 33665, 38715], [32781, 42358, 47650, 259, 9596, 16685, 32153, 41247, 49857, 11585, 19607, 31087, 41246, 50438, 12966, 19877, 30563, 41247, 49458, 12392, 20144, 30563, 41247, 48422, 22649, 30563, 41156, 47663, 24297, 29745, 36530, 31092, 11039, 0, 7790, 10221, 1493, 9119, 16157, 31286, 41036, 47051, 8396, 1493, 9191, 19877, 30563, 41213, 47881, 7235, 110, 9317, 19877, 30227, 39993, 47128, 13265, 20619, 27108, 22625, 27676], [24991, 34568, 39860, 7531, 1805, 8895, 24362, 33457, 42067, 3795, 11816, 23297, 33456, 42647, 5176, 12086, 22772, 33457, 41668, 4602, 12353, 22772, 33457, 40631, 14858, 22772, 33366, 39873, 16506, 21955, 28740, 23302, 18829, 7790, 0, 18011, 9283, 1328, 8367, 23496, 33246, 39260, 16186, 9283, 1401, 12086, 22772, 33422, 40091, 15025, 7900, 1526, 12086, 22436, 32203, 39338, 5475, 12829, 19317, 14835, 19886], [43002, 52579, 57871, 10480, 19817, 26906, 42374, 51468, 60078, 21806, 29828, 41308, 51467, 60659, 23187, 30098, 40784, 51468, 59679, 22613, 30365, 40784, 51468, 58643, 32870, 40784, 51377, 57884, 34518, 39966, 46751, 41313, 818, 10221, 18011, 0, 8727, 19340, 26378, 41507, 51257, 57272, 1824, 8727, 19412, 30098, 40784, 51434, 58102, 2985, 10110, 19538, 30098, 40448, 50214, 57349, 23486, 30841, 37329, 32846, 37897], [34274, 43851, 49143, 1752, 11089, 18179, 33646, 42741, 51350, 13078, 21100, 32581, 42739, 51931, 14459, 21370, 32056, 42741, 50951, 13886, 21637, 32056, 42741, 49915, 24142, 32056, 42649, 49157, 25790, 31239, 38024, 32585, 9546, 1493, 9283, 8727, 0, 10612, 17651, 32780, 42529, 48544, 6902, 0, 10684, 21370, 32056, 42706, 49374, 5742, 1383, 10810, 21370, 31720, 41486, 48622, 14758, 22113, 28601, 24119, 29169], [23662, 33239, 38531, 8860, 477, 7566, 23034, 32128, 40738, 2466, 10487, 21968, 32127, 41318, 3847, 10758, 21443, 32128, 40339, 3273, 11024, 21443, 32128, 39302, 13530, 21443, 32037, 38544, 15178, 20626, 27411, 21973, 20158, 9119, 1328, 19340, 10612, 0, 7038, 22167, 31917, 37931, 17515, 10612, 72, 10758, 21443, 32094, 38762, 16354, 9229, 197, 10758, 21108, 30874, 38009, 4146, 11500, 17989, 13506, 18557], [16623, 26200, 31492, 15898, 6561, 528, 15995, 25090, 33699, 4572, 3449, 14930, 25088, 34280, 3191, 3719, 14405, 25090, 33300, 3765, 3986, 14405, 25090, 32264, 6491, 14405, 24998, 31505, 8139, 13588, 20373, 14934, 27197, 16157, 8367, 26378, 17651, 7038, 0, 15129, 24878, 30893, 24554, 17651, 6966, 3719, 14405, 25055, 31723, 23393, 16267, 6840, 3719, 14069, 23835, 30971, 2892, 4462, 10950, 6468, 11518], [1494, 11071, 16363, 31027, 21690, 14601, 866, 9960, 18570, 19701, 11679, 199, 9959, 19151, 18320, 11409, 723, 9960, 18171, 18894, 11142, 723, 9960, 17135, 8637, 723, 9869, 16376, 6989, 1541, 5243, 194, 42326, 31286, 23496, 41507, 32780, 22167, 15129, 0, 9749, 15764, 39683, 32780, 22095, 11409, 723, 9926, 16594, 38522, 31396, 21969, 11409, 1059, 8706, 15841, 18021, 10666, 4178, 8660, 3610], [8255, 1322, 6613, 40777, 31440, 24350, 8883, 211, 8821, 29451, 21429, 9948, 210, 9401, 28070, 21159, 10473, 211, 8421, 28643, 20892, 10473, 211, 7385, 18387, 10473, 120, 6627, 16739, 11290, 4505, 9944, 52075, 41036, 33246, 51257, 42529, 31917, 24878, 9749, 0, 6014, 49432, 42529, 31845, 21159, 10473, 176, 6845, 48271, 41146, 31719, 21159, 10809, 1043, 6092, 27770, 20416, 13928, 18410, 13360], [14269, 4692, 599, 46791, 37454, 30365, 14897, 5803, 2806, 35465, 27444, 15963, 5804, 3386, 34084, 27173, 16487, 5803, 2407, 34658, 26906, 16487, 5803, 1371, 24401, 16487, 5894, 612, 22753, 17305, 10520, 15958, 58090, 47051, 39260, 57272, 48544, 37931, 30893, 15764, 6014, 0, 55447, 48544, 37859, 27173, 16487, 5837, 830, 54286, 47161, 37733, 27173, 16823, 7057, 77, 33785, 26431, 19942, 24425, 19374], [41177, 50754, 56046, 8655, 17992, 25082, 40549, 49644, 58253, 19981, 28003, 39484, 49642, 58834, 21362, 28273, 38959, 49644, 57854, 20789, 28540, 38959, 49644, 56818, 31045, 38959, 49552, 56060, 32693, 38142, 44927, 39488, 2643, 8396, 16186, 1824, 6902, 17515, 24554, 39683, 49432, 55447, 0, 6902, 17587, 28273, 38959, 49609, 56277, 1160, 8286, 17713, 28273, 38623, 48389, 55525, 21661, 29016, 35504, 31022, 36072], [34274, 43851, 49143, 1752, 11089, 18179, 33646, 42741, 51350, 13078, 21100, 32581, 42739, 51931, 14459, 21370, 32056, 42741, 50951, 13886, 21637, 32056, 42741, 49915, 24142, 32056, 42649, 49157, 25790, 31239, 38024, 32585, 9546, 1493, 9283, 8727, 0, 10612, 17651, 32780, 42529, 48544, 6902, 0, 10684, 21370, 32056, 42706, 49374, 5742, 1383, 10810, 21370, 31720, 41486, 48622, 14758, 22113, 28601, 24119, 29169], [23590, 33167, 38458, 8932, 404, 7494, 22961, 32056, 40666, 2394, 10415, 21896, 32055, 41246, 3775, 10685, 21371, 32056, 40267, 3201, 10952, 21371, 32056, 39230, 13457, 21371, 31965, 38472, 15105, 20554, 27339, 21900, 20230, 9191, 1401, 19412, 10684, 72, 6966, 22095, 31845, 37859, 17587, 10684, 0, 10685, 21371, 32021, 38690, 16426, 9301, 125, 10685, 21035, 30802, 37937, 4074, 11428, 17916, 13434, 18485], [12904, 22481, 27773, 19618, 10281, 3191, 12275, 21370, 29980, 8291, 270, 11210, 21369, 30560, 6910, 0, 10685, 21370, 29581, 7484, 266, 10685, 21370, 28544, 2772, 10685, 21279, 27786, 4419, 9868, 16653, 11215, 30916, 19877, 12086, 30098, 21370, 10758, 3719, 11409, 21159, 27173, 28273, 21370, 10685, 0, 10685, 21336, 28004, 27112, 19987, 10560, 0, 10350, 20116, 27251, 6611, 742, 7231, 2748, 7799], [2218, 11795, 17087, 30303, 20966, 13877, 1590, 10684, 19294, 18977, 10956, 524, 10683, 19874, 17596, 10685, 0, 10684, 18895, 18170, 10418, 0, 10684, 17859, 7913, 0, 10593, 17100, 6265, 817, 5967, 529, 41602, 30563, 22772, 40784, 32056, 21443, 14405, 723, 10473, 16487, 38959, 32056, 21371, 10685, 0, 10650, 17318, 37798, 30673, 21246, 10685, 335, 9430, 16565, 17297, 9943, 3454, 7937, 2886], [8431, 1145, 6437, 40954, 31617, 24527, 9060, 34, 8644, 29627, 21606, 10125, 33, 9224, 28246, 21336, 10650, 34, 8245, 28820, 21069, 10650, 34, 7208, 18563, 10650, 56, 6450, 16916, 11467, 4682, 10120, 52252, 41213, 33422, 51434, 42706, 32094, 25055, 9926, 176, 5837, 49609, 42706, 32021, 21336, 10650, 0, 6668, 48448, 41323, 31896, 21336, 10986, 1219, 5915, 27947, 20593, 14105, 18587, 13536], [15100, 5523, 231, 47622, 38285, 31195, 15728, 6633, 1975, 36296, 28274, 16793, 6635, 2556, 34915, 28004, 17318, 6633, 1576, 35488, 27737, 17318, 6633, 540, 25232, 17318, 6725, 217, 23584, 18135, 11350, 16789, 58921, 47881, 40091, 58102, 49374, 38762, 31723, 16594, 6845, 830, 56277, 49374, 38690, 28004, 17318, 6668, 0, 55117, 47991, 38564, 28004, 17654, 7888, 752, 34616, 27261, 20773, 25255, 20205], [40016, 49594, 54885, 7494, 16831, 23921, 39388, 48483, 57093, 18820, 26842, 38323, 48482, 57673, 20201, 27112, 37798, 48483, 56693, 19628, 27379, 37798, 48483, 55657, 29884, 37798, 48392, 54899, 31532, 36981, 43766, 38327, 3803, 7235, 15025, 2985, 5742, 16354, 23393, 38522, 48271, 54286, 1160, 5742, 16426, 27112, 37798, 48448, 55117, 0, 7125, 16552, 27112, 37462, 47228, 54364, 20501, 27855, 34343, 29861, 34911], [32891, 42468, 47760, 369, 9706, 16795, 32263, 41357, 49967, 11695, 19717, 31197, 41356, 50548, 13076, 19987, 30673, 41357, 49568, 12502, 20254, 30673, 41357, 48532, 22759, 30673, 41266, 47773, 24407, 29855, 36640, 31202, 10929, 110, 7900, 10110, 1383, 9229, 16267, 31396, 41146, 47161, 8286, 1383, 9301, 19987, 30673, 41323, 47991, 7125, 0, 9427, 19987, 30337, 40103, 47238, 13375, 20730, 27218, 22736, 27786], [23464, 33041, 38333, 9057, 279, 7368, 22836, 31930, 40540, 2268, 10289, 21770, 31929, 41120, 3649, 10560, 21246, 31930, 40141, 3075, 10827, 21246, 31930, 39105, 13332, 21246, 31839, 38346, 14980, 20428, 27213, 21775, 20356, 9317, 1526, 19538, 10810, 197, 6840, 21969, 31719, 37733, 17713, 10810, 125, 10560, 21246, 31896, 38564, 16552, 9427, 0, 10560, 20910, 30676, 37811, 3948, 11302, 17791, 13308, 18359], [12904, 22481, 27773, 19618, 10281, 3191, 12275, 21370, 29980, 8291, 270, 11210, 21369, 30560, 6910, 0, 10685, 21370, 29581, 7484, 266, 10685, 21370, 28544, 2772, 10685, 21279, 27786, 4419, 9868, 16653, 11215, 30916, 19877, 12086, 30098, 21370, 10758, 3719, 11409, 21159, 27173, 28273, 21370, 10685, 0, 10685, 21336, 28004, 27112, 19987, 10560, 0, 10350, 20116, 27251, 6611, 742, 7231, 2748, 7799], [2554, 12131, 17423, 29968, 20631, 13541, 1925, 11020, 19630, 18641, 10620, 860, 11019, 20210, 17260, 10350, 335, 11020, 19231, 17834, 10083, 335, 11020, 18194, 7577, 335, 10929, 17436, 5930, 481, 6303, 865, 41266, 30227, 22436, 40448, 31720, 21108, 14069, 1059, 10809, 16823, 38623, 31720, 21035, 10350, 335, 10986, 17654, 37462, 30337, 20910, 10350, 0, 9766, 16901, 16961, 9607, 3119, 7601, 2550], [7212, 2365, 7656, 39734, 30397, 23307, 7840, 1254, 9864, 28408, 20386, 8905, 1253, 10444, 27027, 20116, 9430, 1254, 9464, 27600, 19849, 9430, 1254, 8428, 17344, 9430, 1163, 7670, 15696, 10247, 3462, 8901, 51032, 39993, 32203, 50214, 41486, 30874, 23835, 8706, 1043, 7057, 48389, 41486, 30802, 20116, 9430, 1219, 7888, 47228, 40103, 30676, 20116, 9766, 0, 7135, 26727, 19373, 12885, 17367, 12317], [14347, 4770, 521, 46869, 37532, 30442, 14975, 5881, 2728, 35543, 27521, 16040, 5882, 3309, 34162, 27251, 16565, 5881, 2329, 34736, 26984, 16565, 5881, 1293, 24479, 16565, 5972, 534, 22831, 17383, 10597, 16036, 58168, 47128, 39338, 57349, 48622, 38009, 30971, 15841, 6092, 77, 55525, 48622, 37937, 27251, 16565, 5915, 752, 54364, 47238, 37811, 27251, 16901, 7135, 0, 33863, 26508, 20020, 24502, 19452], [19515, 29093, 34384, 13006, 3669, 3420, 18887, 27982, 36592, 1680, 6341, 17822, 27981, 37172, 299, 6611, 17297, 27982, 36192, 872, 6878, 17297, 27982, 35156, 9383, 17297, 27891, 34398, 11031, 16480, 23265, 17826, 24304, 13265, 5475, 23486, 14758, 4146, 2892, 18021, 27770, 33785, 21661, 14758, 4074, 6611, 17297, 27947, 34616, 20501, 13375, 3948, 6611, 16961, 26727, 33863, 0, 7354, 13842, 9360, 14410], [12161, 21738, 27030, 20360, 11023, 3934, 11533, 20627, 29237, 9034, 1012, 10467, 20626, 29818, 7653, 742, 9943, 20627, 28838, 8227, 475, 9943, 20627, 27802, 2029, 9943, 20536, 27043, 3677, 9125, 15910, 10472, 31659, 20619, 12829, 30841, 22113, 11500, 4462, 10666, 20416, 26431, 29016, 22113, 11428, 742, 9943, 20593, 27261, 27855, 20730, 11302, 742, 9607, 19373, 26508, 7354, 0, 6488, 2005, 7056], [5673, 15250, 20542, 26849, 17512, 10422, 5044, 14139, 22749, 15522, 7501, 3979, 14138, 23329, 14141, 7231, 3454, 14139, 22350, 14715, 6964, 3454, 14139, 21313, 4458, 3454, 14048, 20555, 2811, 2637, 9422, 3984, 38147, 27108, 19317, 37329, 28601, 17989, 10950, 4178, 13928, 19942, 35504, 28601, 17916, 7231, 3454, 14105, 20773, 34343, 27218, 17791, 7231, 3119, 12885, 20020, 13842, 6488, 0, 4482, 568], [10155, 19732, 25024, 22366, 13029, 5940, 9527, 18621, 27231, 11040, 3018, 8461, 18620, 27812, 9659, 2748, 7937, 18621, 26832, 10233, 2481, 7937, 18621, 25796, 23, 7937, 18530, 25037, 1671, 7119, 13904, 8466, 33665, 22625, 14835, 32846, 24119, 13506, 6468, 8660, 18410, 24425, 31022, 24119, 13434, 2748, 7937, 18587, 25255, 29861, 22736, 13308, 2748, 7601, 17367, 24502, 9360, 2005, 4482, 0, 5050], [5104, 14682, 19973, 27417, 18080, 10990, 4476, 13571, 22181, 16091, 8069, 3411, 13570, 22761, 14709, 7799, 2886, 13571, 21781, 15283, 7532, 2886, 13571, 20745, 5027, 2886, 13480, 19987, 3379, 2069, 8854, 3415, 38715, 27676, 19886, 37897, 29169, 18557, 11518, 3610, 13360, 19374, 36072, 29169, 18485, 7799, 2886, 13536, 20205, 34911, 27786, 18359, 7799, 2550, 12317, 19452, 14410, 7056, 568, 5050, 0]], "mapping_points": {"26": [3, 5, 53], "27": [3, 6, 54], "28": [4, 0, 55], "30": [4, 2, 3], "31": [4, 3, 56], "32": [4, 4, 57], "33": [4, 5, 58], "34": [4, 6, 7], "35": [5, 0, 8], "38": [5, 3, 9], "39": [5, 4, 59], "40": [5, 5, 60], "41": [5, 6, 12], "42": [6, 0, 13], "45": [6, 3, 14], "46": [6, 4, 15], "47": [6, 5, 16], "48": [6, 6, 17], "49": [7, 0, 18], "52": [7, 3, 19], "53": [7, 4, 20], "54": [7, 5, 21], "55": [7, 6, 22], "56": [8, 0, 23], "60": [8, 4, 24], "61": [8, 5, 25], "62": [8, 6, 26], "63": [9, 0, 27], "67": [9, 4, 28], "68": [9, 5, 29], "69": [9, 6, 30], "75": [10, 5, 31], "1": [0, 1, 32], "2": [0, 2, 33], "3": [0, 3, 34], "8": [1, 1, 35], "9": [1, 2, 36], "10": [1, 3, 37], "11": [1, 4, 38], "12": [1, 5, 39], "13": [1, 6, 40], "14": [2, 0, 41], "15": [2, 1, 42], "16": [2, 2, 43], "17": [2, 3, 44], "18": [2, 4, 45], "19": [2, 5, 46], "20": [2, 6, 47], "21": [3, 0, 48], "22": [3, 1, 49], "23": [3, 2, 50], "24": [3, 3, 51], "25": [3, 4, 52]}, "nrows": 11, "ncols": 7}